194,53	1024,00
194,80	-166,43
195,07	-166,43
195,34	-5,43
195,61	-5,43
195,88	4,57
196,15	3,57
196,42	-11,43
196,69	0,57
196,96	11,57
197,23	1,57
197,50	-5,43
197,77	-0,43
198,04	1,57
198,31	-5,43
198,58	3,57
198,85	-1,43
199,12	-2,43
199,39	-12,43
199,66	-0,43
199,93	-6,43
200,20	-3,43
200,47	6,57
200,74	11,57
201,01	7,57
201,28	2,57
201,55	-10,43
201,82	5,57
202,09	9,57
202,36	-3,43
202,63	5,57
202,90	-5,43
203,17	-8,43
203,44	4,57
203,71	6,57
203,98	3,57
204,25	5,57
204,52	-2,43
204,79	-4,43
205,06	-1,43
205,33	1,57
205,60	-9,43
205,86	-0,43
206,13	4,57
206,40	-3,43
206,67	-5,43
206,94	-0,43
207,21	2,57
207,48	3,57
207,75	1,57
208,02	4,57
208,29	4,57
208,56	5,57
208,83	-11,43
209,10	-7,43
209,37	-6,43
209,64	10,57
209,91	-15,43
210,18	-1,43
210,45	-1,43
210,72	-12,43
210,99	-10,43
211,26	-8,43
211,53	-2,43
211,80	-3,43
212,07	1,57
212,33	12,57
212,60	5,57
212,87	10,57
213,14	5,57
213,41	8,57
213,68	4,57
213,95	10,57
214,22	-3,43
214,49	1,57
214,76	8,57
215,03	-1,43
215,30	-7,43
215,57	2,57
215,84	-2,43
216,11	1,57
216,38	-5,43
216,65	-8,43
216,91	-3,43
217,18	6,57
217,45	5,57
217,72	-3,43
217,99	-8,43
218,26	3,57
218,53	19,57
218,80	13,57
219,07	-3,43
219,34	-0,43
219,61	4,57
219,88	10,57
220,15	8,57
220,42	3,57
220,68	4,57
220,95	2,57
221,22	3,57
221,49	-3,43
221,76	-0,43
222,03	-0,43
222,30	-1,43
222,57	18,57
222,84	-5,43
223,11	12,57
223,38	13,57
223,65	-1,43
223,92	2,57
224,18	9,57
224,45	3,57
224,72	-1,43
224,99	-8,43
225,26	6,57
225,53	0,57
225,80	4,57
226,07	-0,43
226,34	-1,43
226,61	-0,43
226,88	4,57
227,14	-2,43
227,41	-15,43
227,68	9,57
227,95	-7,43
228,22	-1,43
228,49	9,57
228,76	6,57
229,03	-3,43
229,30	5,57
229,57	-1,43
229,83	-5,43
230,10	5,57
230,37	-1,43
230,64	12,57
230,91	7,57
231,18	-2,43
231,45	9,57
231,72	0,57
231,99	-19,43
232,25	6,57
232,52	1,57
232,79	7,57
233,06	5,57
233,33	1,57
233,60	-0,43
233,87	-6,43
234,14	3,57
234,41	3,57
234,67	-1,43
234,94	0,57
235,21	-0,43
235,48	5,57
235,75	0,57
236,02	-5,43
236,29	-1,43
236,56	-2,43
236,82	-10,43
237,09	5,57
237,36	-15,43
237,63	4,57
237,90	8,57
238,17	3,57
238,44	1,57
238,71	14,57
238,97	18,57
239,24	11,57
239,51	5,57
239,78	-2,43
240,05	9,57
240,32	-6,43
240,59	14,57
240,86	6,57
241,12	0,57
241,39	6,57
241,66	-5,43
241,93	-2,43
242,20	-5,43
242,47	-0,43
242,74	15,57
243,00	5,57
243,27	2,57
243,54	2,57
243,81	-1,43
244,08	6,57
244,35	7,57
244,62	-10,43
244,88	-15,43
245,15	-15,43
245,42	0,57
245,69	-4,43
245,96	-2,43
246,23	-3,43
246,50	-2,43
246,76	0,57
247,03	-0,43
247,30	-10,43
247,57	-4,43
247,84	10,57
248,11	6,57
248,37	5,57
248,64	-1,43
248,91	17,57
249,18	0,57
249,45	3,57
249,72	-0,43
249,99	11,57
250,25	-3,43
250,52	0,57
250,79	-0,43
251,06	2,57
251,33	-8,43
251,60	6,57
251,86	9,57
252,13	1,57
252,40	-14,43
252,67	1,57
252,94	-7,43
253,21	13,57
253,47	7,57
253,74	5,57
254,01	-10,43
254,28	-2,43
254,55	1,57
254,81	0,57
255,08	3,57
255,35	7,57
255,62	-6,43
255,89	-1,43
256,16	1,57
256,42	5,57
256,69	-4,43
256,96	2,57
257,23	3,57
257,50	13,57
257,76	4,57
258,03	8,57
258,30	2,57
258,57	-10,43
258,84	9,57
259,11	-2,43
259,37	-6,43
259,64	1,57
259,91	12,57
260,18	3,57
260,45	-5,43
260,71	-9,43
260,98	0,57
261,25	0,57
261,52	11,57
261,79	7,57
262,05	12,57
262,32	6,57
262,59	-3,43
262,86	1,57
263,13	-9,43
263,39	2,57
263,66	3,57
263,93	3,57
264,20	4,57
264,47	1,57
264,73	-3,43
265,00	-4,43
265,27	5,57
265,54	1,57
265,81	-5,43
266,07	-6,43
266,34	1,57
266,61	4,57
266,88	3,57
267,15	-10,43
267,41	4,57
267,68	11,57
267,95	4,57
268,22	2,57
268,48	7,57
268,75	7,57
269,02	-2,43
269,29	7,57
269,56	4,57
269,82	5,57
270,09	-1,43
270,36	14,57
270,63	8,57
270,89	10,57
271,16	0,57
271,43	-9,43
271,70	-10,43
271,97	10,57
272,23	-0,43
272,50	3,57
272,77	-4,43
273,04	4,57
273,30	-9,43
273,57	-14,43
273,84	2,57
274,11	-1,43
274,37	-3,43
274,64	-8,43
274,91	-0,43
275,18	0,57
275,45	-0,43
275,71	4,57
275,98	-7,43
276,25	-6,43
276,52	-0,43
276,78	1,57
277,05	2,57
277,32	-7,43
277,59	-17,43
277,85	9,57
278,12	-2,43
278,39	-2,43
278,66	-8,43
278,92	10,57
279,19	-9,43
279,46	-1,43
279,73	-3,43
279,99	-1,43
280,26	-11,43
280,53	-2,43
280,80	-10,43
281,06	-1,43
281,33	2,57
281,60	-15,43
281,87	0,57
282,13	-2,43
282,40	1,57
282,67	7,57
282,94	-0,43
283,20	-10,43
283,47	-2,43
283,74	-7,43
284,01	-2,43
284,27	1,57
284,54	-0,43
284,81	15,57
285,07	0,57
285,34	-3,43
285,61	-17,43
285,88	-4,43
286,14	5,57
286,41	-6,43
286,68	0,57
286,95	-17,43
287,21	-10,43
287,48	-13,43
287,75	-11,43
288,02	-6,43
288,28	-5,43
288,55	-0,43
288,82	-3,43
289,08	0,57
289,35	-0,43
289,62	-13,43
289,89	-11,43
290,15	3,57
290,42	5,57
290,69	-2,43
290,95	1,57
291,22	-5,43
291,49	-11,43
291,76	-2,43
292,02	9,57
292,29	0,57
292,56	1,57
292,82	-0,43
293,09	-3,43
293,36	-11,43
293,63	4,57
293,89	3,57
294,16	-11,43
294,43	-0,43
294,69	-2,43
294,96	-10,43
295,23	-14,43
295,50	-7,43
295,76	-16,43
296,03	-8,43
296,30	-0,43
296,56	-10,43
296,83	-12,43
297,10	0,57
297,36	-15,43
297,63	-0,43
297,90	-4,43
298,16	3,57
298,43	-2,43
298,70	-7,43
298,97	-4,43
299,23	-1,43
299,50	5,57
299,77	-6,43
300,03	-13,43
300,30	5,57
300,57	-4,43
300,83	1,57
301,10	-10,43
301,37	3,57
301,63	12,57
301,90	-4,43
302,17	-10,43
302,44	11,57
302,70	-1,43
302,97	-5,43
303,24	5,57
303,50	5,57
303,77	-4,43
304,04	-1,43
304,30	0,57
304,57	2,57
304,84	7,57
305,10	5,57
305,37	2,57
305,64	7,57
305,90	-7,43
306,17	4,57
306,44	-1,43
306,70	-3,43
306,97	1,57
307,24	-0,43
307,50	-16,43
307,77	3,57
308,04	3,57
308,30	10,57
308,57	-6,43
308,84	-0,43
309,10	-2,43
309,37	11,57
309,64	-7,43
309,90	-3,43
310,17	-0,43
310,44	0,57
310,70	-7,43
310,97	-12,43
311,24	4,57
311,50	-2,43
311,77	-2,43
312,04	5,57
312,30	2,57
312,57	0,57
312,84	12,57
313,10	10,57
313,37	3,57
313,63	-1,43
313,90	2,57
314,17	15,57
314,43	-4,43
314,70	-6,43
314,97	11,57
315,23	-9,43
315,50	2,57
315,77	0,57
316,03	-9,43
316,30	0,57
316,57	-0,43
316,83	9,57
317,10	-8,43
317,36	-3,43
317,63	0,57
317,90	9,57
318,16	5,57
318,43	-1,43
318,70	-7,43
318,96	-0,43
319,23	-4,43
319,50	-1,43
319,76	11,57
320,03	1,57
320,29	-0,43
320,56	2,57
320,83	-10,43
321,09	-15,43
321,36	-7,43
321,63	-19,43
321,89	-22,43
322,16	-9,43
322,42	-15,43
322,69	-11,43
322,96	-2,43
323,22	20,57
323,49	10,57
323,76	5,57
324,02	-8,43
324,29	-5,43
324,55	-4,43
324,82	-6,43
325,09	-1,43
325,35	-9,43
325,62	-6,43
325,88	-7,43
326,15	-19,43
326,42	-3,43
326,68	-0,43
326,95	0,57
327,21	14,57
327,48	-5,43
327,75	2,57
328,01	-8,43
328,28	-10,43
328,55	-7,43
328,81	-9,43
329,08	-6,43
329,34	-8,43
329,61	10,57
329,88	3,57
330,14	-11,43
330,41	-10,43
330,67	2,57
330,94	1,57
331,21	1,57
331,47	-1,43
331,74	0,57
332,00	10,57
332,27	14,57
332,53	5,57
332,80	8,57
333,07	2,57
333,33	1,57
333,60	6,57
333,86	-7,43
334,13	4,57
334,40	-6,43
334,66	-9,43
334,93	-2,43
335,19	-0,43
335,46	3,57
335,73	2,57
335,99	-4,43
336,26	3,57
336,52	-0,43
336,79	6,57
337,05	-3,43
337,32	5,57
337,59	1,57
337,85	-12,43
338,12	-0,43
338,38	2,57
338,65	5,57
338,91	2,57
339,18	4,57
339,45	-2,43
339,71	-4,43
339,98	0,57
340,24	4,57
340,51	0,57
340,77	0,57
341,04	4,57
341,31	6,57
341,57	8,57
341,84	7,57
342,10	-13,43
342,37	-2,43
342,63	8,57
342,90	1,57
343,17	-6,43
343,43	2,57
343,70	-10,43
343,96	-4,43
344,23	5,57
344,49	8,57
344,76	2,57
345,02	-1,43
345,29	4,57
345,56	-9,43
345,82	-9,43
346,09	-0,43
346,35	-2,43
346,62	12,57
346,88	6,57
347,15	-0,43
347,41	-1,43
347,68	-7,43
347,94	-10,43
348,21	2,57
348,48	-1,43
348,74	6,57
349,01	13,57
349,27	-10,43
349,54	-9,43
349,80	-7,43
350,07	-1,43
350,33	-13,43
350,60	-15,43
350,86	-8,43
351,13	5,57
351,39	3,57
351,66	11,57
351,93	-3,43
352,19	2,57
352,46	-12,43
352,72	3,57
352,99	3,57
353,25	-3,43
353,52	-5,43
353,78	4,57
354,05	-2,43
354,31	1,57
354,58	-8,43
354,84	-3,43
355,11	-5,43
355,37	-1,43
355,64	-2,43
355,90	9,57
356,17	5,57
356,43	9,57
356,70	0,57
356,97	-7,43
357,23	-1,43
357,50	-4,43
357,76	-7,43
358,03	-15,43
358,29	-3,43
358,56	-16,43
358,82	-8,43
359,09	-1,43
359,35	-4,43
359,62	2,57
359,88	-0,43
360,15	11,57
360,41	2,57
360,68	1,57
360,94	-6,43
361,21	3,57
361,47	4,57
361,74	4,57
362,00	-2,43
362,27	-6,43
362,53	-4,43
362,80	-2,43
363,06	2,57
363,33	-6,43
363,59	-0,43
363,86	-2,43
364,12	4,57
364,39	5,57
364,65	13,57
364,92	6,57
365,18	1,57
365,45	1,57
365,71	-18,43
365,98	-3,43
366,24	-0,43
366,51	-0,43
366,77	-4,43
367,04	-8,43
367,30	-10,43
367,57	-8,43
367,83	12,57
368,10	2,57
368,36	1,57
368,63	-13,43
368,89	0,57
369,15	2,57
369,42	-0,43
369,68	-1,43
369,95	-4,43
370,21	-6,43
370,48	7,57
370,74	-3,43
371,01	9,57
371,27	11,57
371,54	6,57
371,80	-6,43
372,07	-13,43
372,33	-11,43
372,60	12,57
372,86	6,57
373,13	-7,43
373,39	1,57
373,66	-7,43
373,92	-7,43
374,18	-8,43
374,45	-5,43
374,71	0,57
374,98	-2,43
375,24	-12,43
375,51	5,57
375,77	-3,43
376,04	4,57
376,30	3,57
376,57	-6,43
376,83	-12,43
377,10	-11,43
377,36	-10,43
377,62	-13,43
377,89	2,57
378,15	13,57
378,42	-6,43
378,68	-9,43
378,95	4,57
379,21	0,57
379,48	1,57
379,74	7,57
380,00	5,57
380,27	-6,43
380,53	-4,43
380,80	-10,43
381,06	-0,43
381,33	-0,43
381,59	-0,43
381,86	-0,43
382,12	-4,43
382,38	11,57
382,65	10,57
382,91	-5,43
383,18	-7,43
383,44	4,57
383,71	8,57
383,97	-0,43
384,24	14,57
384,50	-2,43
384,76	0,57
385,03	-10,43
385,29	-8,43
385,56	-15,43
385,82	8,57
386,09	5,57
386,35	5,57
386,61	5,57
386,88	-9,43
387,14	-4,43
387,41	-0,43
387,67	-0,43
387,94	4,57
388,20	-4,43
388,46	-7,43
388,73	-8,43
388,99	-2,43
389,26	-0,43
389,52	4,57
389,78	-3,43
390,05	-1,43
390,31	-20,43
390,58	8,57
390,84	-4,43
391,11	9,57
391,37	3,57
391,63	11,57
391,90	13,57
392,16	-0,43
392,43	1,57
392,69	-7,43
392,95	1,57
393,22	-13,43
393,48	1,57
393,75	10,57
394,01	-2,43
394,27	-7,43
394,54	5,57
394,80	12,57
395,07	8,57
395,33	4,57
395,59	-1,43
395,86	1,57
396,12	6,57
396,39	-8,43
396,65	-9,43
396,91	10,57
397,18	-12,43
397,44	-0,43
397,71	1,57
397,97	2,57
398,23	3,57
398,50	1,57
398,76	-0,43
399,03	-8,43
399,29	0,57
399,55	-11,43
399,82	9,57
400,08	3,57
400,34	1,57
400,61	4,57
400,87	-2,43
401,14	-2,43
401,40	5,57
401,66	0,57
401,93	5,57
402,19	-6,43
402,46	15,57
402,72	-8,43
402,98	9,57
403,25	-0,43
403,51	3,57
403,77	0,57
404,04	-15,43
404,30	-3,43
404,57	-0,43
404,83	5,57
405,09	-3,43
405,36	8,57
405,62	0,57
405,88	0,57
406,15	6,57
406,41	-10,43
406,67	-9,43
406,94	-9,43
407,20	4,57
407,47	-5,43
407,73	-12,43
407,99	-17,43
408,26	-7,43
408,52	-6,43
408,78	13,57
409,05	3,57
409,31	-4,43
409,57	-5,43
409,84	-0,43
410,10	8,57
410,37	1,57
410,63	1,57
410,89	-1,43
411,16	-10,43
411,42	-12,43
411,68	0,57
411,95	-2,43
412,21	-2,43
412,47	0,57
412,74	-1,43
413,00	-8,43
413,26	4,57
413,53	-3,43
413,79	-0,43
414,05	-13,43
414,32	2,57
414,58	-5,43
414,84	-8,43
415,11	-12,43
415,37	15,57
415,63	-2,43
415,90	0,57
416,16	-8,43
416,42	3,57
416,69	3,57
416,95	11,57
417,21	-1,43
417,48	-2,43
417,74	-2,43
418,00	0,57
418,27	2,57
418,53	7,57
418,79	9,57
419,06	-4,43
419,32	-3,43
419,58	-12,43
419,85	-1,43
420,11	-0,43
420,37	-5,43
420,64	-12,43
420,90	1,57
421,16	-3,43
421,43	-10,43
421,69	-7,43
421,95	3,57
422,22	-11,43
422,48	-14,43
422,74	0,57
423,01	-5,43
423,27	2,57
423,53	9,57
423,79	-7,43
424,06	-2,43
424,32	-11,43
424,58	-11,43
424,85	-9,43
425,11	-9,43
425,37	-10,43
425,64	-4,43
425,90	-5,43
426,16	-7,43
426,43	-14,43
426,69	-5,43
426,95	-8,43
427,21	7,57
427,48	-6,43
427,74	-6,43
428,00	7,57
428,27	-14,43
428,53	1,57
428,79	6,57
429,06	-8,43
429,32	-4,43
429,58	-1,43
429,84	1,57
430,11	-3,43
430,37	0,57
430,63	-2,43
430,90	-2,43
431,16	-14,43
431,42	-5,43
431,68	-0,43
431,95	-4,43
432,21	5,57
432,47	-2,43
432,74	4,57
433,00	0,57
433,26	-12,43
433,52	-1,43
433,79	-1,43
434,05	-6,43
434,31	-2,43
434,58	-10,43
434,84	-10,43
435,10	-0,43
435,36	-4,43
435,63	-2,43
435,89	-1,43
436,15	-0,43
436,41	-0,43
436,68	-14,43
436,94	-12,43
437,20	-14,43
437,47	-0,43
437,73	0,57
437,99	-2,43
438,25	-2,43
438,52	2,57
438,78	5,57
439,04	0,57
439,30	-20,43
439,57	-4,43
439,83	7,57
440,09	-9,43
440,35	-14,43
440,62	-15,43
440,88	-4,43
441,14	11,57
441,41	-2,43
441,67	-12,43
441,93	-11,43
442,19	-13,43
442,46	-2,43
442,72	-1,43
442,98	1,57
443,24	-0,43
443,51	-8,43
443,77	-12,43
444,03	-11,43
444,29	-2,43
444,56	-17,43
444,82	3,57
445,08	-7,43
445,34	0,57
445,61	6,57
445,87	0,57
446,13	-2,43
446,39	-3,43
446,65	3,57
446,92	-14,43
447,18	9,57
447,44	5,57
447,70	2,57
447,97	-12,43
448,23	-2,43
448,49	5,57
448,75	-3,43
449,02	-7,43
449,28	-6,43
449,54	-4,43
449,80	-11,43
450,07	-19,43
450,33	-11,43
450,59	-9,43
450,85	-2,43
451,11	-6,43
451,38	-10,43
451,64	-9,43
451,90	-4,43
452,16	-4,43
452,43	-10,43
452,69	0,57
452,95	-6,43
453,21	-5,43
453,47	1,57
453,74	-1,43
454,00	-2,43
454,26	-8,43
454,52	-12,43
454,79	-9,43
455,05	-2,43
455,31	-11,43
455,57	-12,43
455,83	3,57
456,10	-4,43
456,36	-8,43
456,62	-3,43
456,88	7,57
457,14	3,57
457,41	-9,43
457,67	-0,43
457,93	1,57
458,19	-7,43
458,45	-4,43
458,72	-13,43
458,98	-3,43
459,24	-10,43
459,50	11,57
459,76	0,57
460,03	-11,43
460,29	-4,43
460,55	1,57
460,81	-15,43
461,07	0,57
461,34	-14,43
461,60	-2,43
461,86	-0,43
462,12	-2,43
462,38	-2,43
462,65	-17,43
462,91	-19,43
463,17	-3,43
463,43	-15,43
463,69	1,57
463,96	1,57
464,22	-12,43
464,48	-2,43
464,74	-0,43
465,00	-1,43
465,26	0,57
465,53	4,57
465,79	-3,43
466,05	-8,43
466,31	-7,43
466,57	-8,43
466,84	4,57
467,10	4,57
467,36	-10,43
467,62	-8,43
467,88	2,57
468,14	-7,43
468,41	-2,43
468,67	-0,43
468,93	-2,43
469,19	-2,43
469,45	1,57
469,71	-1,43
469,98	8,57
470,24	9,57
470,50	-18,43
470,76	-3,43
471,02	-1,43
471,28	-10,43
471,55	-7,43
471,81	-13,43
472,07	19,57
472,33	-5,43
472,59	-18,43
472,85	-8,43
473,12	-5,43
473,38	-8,43
473,64	-6,43
473,90	0,57
474,16	-5,43
474,42	-2,43
474,68	-12,43
474,95	2,57
475,21	-3,43
475,47	3,57
475,73	-2,43
475,99	-1,43
476,25	-9,43
476,52	2,57
476,78	-17,43
477,04	7,57
477,30	-8,43
477,56	-11,43
477,82	-5,43
478,08	-7,43
478,35	-9,43
478,61	-8,43
478,87	-3,43
479,13	1,57
479,39	-5,43
479,65	-19,43
479,91	-2,43
480,17	-6,43
480,44	-12,43
480,70	2,57
480,96	-7,43
481,22	2,57
481,48	1,57
481,74	-12,43
482,00	-2,43
482,27	-4,43
482,53	6,57
482,79	-4,43
483,05	-5,43
483,31	8,57
483,57	-2,43
483,83	-3,43
484,09	1,57
484,36	-7,43
484,62	-5,43
484,88	13,57
485,14	-2,43
485,40	1,57
485,66	0,57
485,92	-11,43
486,18	-1,43
486,44	-6,43
486,71	-11,43
486,97	-17,43
487,23	-12,43
487,49	-3,43
487,75	-11,43
488,01	-10,43
488,27	-1,43
488,53	-7,43
488,79	-5,43
489,06	-8,43
489,32	-2,43
489,58	2,57
489,84	1,57
490,10	3,57
490,36	-3,43
490,62	7,57
490,88	2,57
491,14	-0,43
491,40	-8,43
491,67	-7,43
491,93	-13,43
492,19	-9,43
492,45	-10,43
492,71	-3,43
492,97	-0,43
493,23	-0,43
493,49	-5,43
493,75	-2,43
494,01	-6,43
494,28	3,57
494,54	5,57
494,80	-7,43
495,06	-1,43
495,32	-5,43
495,58	3,57
495,84	5,57
496,10	2,57
496,36	-0,43
496,62	5,57
496,88	-3,43
497,14	2,57
497,41	3,57
497,67	-8,43
497,93	-7,43
498,19	-15,43
498,45	6,57
498,71	-6,43
498,97	0,57
499,23	0,57
499,49	-19,43
499,75	-1,43
500,01	7,57
500,27	-5,43
500,53	1,57
500,80	9,57
501,06	4,57
501,32	-5,43
501,58	-10,43
501,84	-21,43
502,10	16,57
502,36	-0,43
502,62	2,57
502,88	-6,43
503,14	-11,43
503,40	-3,43
503,66	-7,43
503,92	-10,43
504,18	-1,43
504,44	0,57
504,70	-3,43
504,97	-2,43
505,23	1,57
505,49	-6,43
505,75	-6,43
506,01	-6,43
506,27	-3,43
506,53	-9,43
506,79	3,57
507,05	-10,43
507,31	-0,43
507,57	1,57
507,83	1,57
508,09	-2,43
508,35	4,57
508,61	-6,43
508,87	2,57
509,13	-3,43
509,39	-3,43
509,65	-5,43
509,91	-3,43
510,17	1,57
510,43	-15,43
510,70	-12,43
510,96	3,57
511,22	2,57
511,48	-6,43
511,74	-1,43
512,00	-6,43
512,26	-14,43
512,52	-3,43
512,78	8,57
513,04	-9,43
513,30	5,57
513,56	-4,43
513,82	5,57
514,08	-0,43
514,34	16,57
514,60	6,57
514,86	-10,43
515,12	-5,43
515,38	7,57
515,64	-8,43
515,90	-6,43
516,16	-0,43
516,42	-8,43
516,68	-5,43
516,94	1,57
517,20	-11,43
517,46	1,57
517,72	-1,43
517,98	2,57
518,24	-7,43
518,50	15,57
518,76	-2,43
519,02	3,57
519,28	2,57
519,54	-7,43
519,80	1,57
520,06	2,57
520,32	-3,43
520,58	4,57
520,84	4,57
521,10	-0,43
521,36	-1,43
521,62	-6,43
521,88	6,57
522,14	0,57
522,40	-7,43
522,66	3,57
522,92	0,57
523,18	-15,43
523,44	-4,43
523,70	-5,43
523,96	-4,43
524,22	8,57
524,48	4,57
524,74	4,57
525,00	1,57
525,26	-12,43
525,52	2,57
525,78	5,57
526,04	-7,43
526,30	-16,43
526,56	-9,43
526,82	-6,43
527,08	5,57
527,34	-5,43
527,60	-9,43
527,86	-15,43
528,12	-15,43
528,38	7,57
528,64	9,57
528,90	7,57
529,16	0,57
529,42	-2,43
529,68	-5,43
529,94	4,57
530,20	-12,43
530,46	-7,43
530,72	-6,43
530,98	-3,43
531,24	10,57
531,50	1,57
531,76	-8,43
532,02	-6,43
532,28	-10,43
532,54	2,57
532,80	0,57
533,06	0,57
533,32	-28,43
533,58	-10,43
533,84	-1,43
534,10	-4,43
534,35	-4,43
534,61	4,57
534,87	-13,43
535,13	-4,43
535,39	2,57
535,65	18,57
535,91	-0,43
536,17	-5,43
536,43	-6,43
536,69	14,57
536,95	-10,43
537,21	-12,43
537,47	-3,43
537,73	-1,43
537,99	3,57
538,25	2,57
538,51	-1,43
538,77	-2,43
539,03	-12,43
539,29	4,57
539,55	0,57
539,80	-15,43
540,06	-3,43
540,32	-6,43
540,58	-11,43
540,84	-14,43
541,10	6,57
541,36	-3,43
541,62	-12,43
541,88	-13,43
542,14	-15,43
542,40	-8,43
542,66	-11,43
542,92	-5,43
543,18	-1,43
543,44	10,57
543,70	-8,43
543,95	-6,43
544,21	-10,43
544,47	3,57
544,73	-12,43
544,99	-0,43
545,25	2,57
545,51	-7,43
545,77	4,57
546,03	2,57
546,29	-2,43
546,55	-4,43
546,81	16,57
547,07	2,57
547,32	3,57
547,58	-0,43
547,84	0,57
548,10	7,57
548,36	7,57
548,62	-1,43
548,88	-3,43
549,14	-8,43
549,40	0,57
549,66	-0,43
549,92	-15,43
550,18	-5,43
550,43	-15,43
550,69	0,57
550,95	-16,43
551,21	4,57
551,47	-4,43
551,73	-4,43
551,99	-7,43
552,25	0,57
552,51	2,57
552,77	-6,43
553,03	0,57
553,28	0,57
553,54	-6,43
553,80	-2,43
554,06	-5,43
554,32	-18,43
554,58	7,57
554,84	-3,43
555,10	-8,43
555,36	-7,43
555,61	3,57
555,87	-1,43
556,13	-2,43
556,39	-15,43
556,65	-0,43
556,91	-8,43
557,17	1,57
557,43	-4,43
557,69	11,57
557,94	1,57
558,20	-6,43
558,46	-0,43
558,72	-8,43
558,98	-10,43
559,24	-6,43
559,50	-11,43
559,76	-18,43
560,02	-7,43
560,27	-2,43
560,53	10,57
560,79	11,57
561,05	4,57
561,31	-0,43
561,57	6,57
561,83	-15,43
562,09	-9,43
562,34	-6,43
562,60	2,57
562,86	-12,43
563,12	-1,43
563,38	-4,43
563,64	-11,43
563,90	-0,43
564,15	-0,43
564,41	4,57
564,67	-1,43
564,93	-18,43
565,19	-6,43
565,45	-0,43
565,71	5,57
565,97	-9,43
566,22	-17,43
566,48	-12,43
566,74	-13,43
567,00	-2,43
567,26	-2,43
567,52	5,57
567,78	-3,43
568,03	5,57
568,29	-4,43
568,55	-10,43
568,81	1,57
569,07	-9,43
569,33	8,57
569,58	-4,43
569,84	0,57
570,10	1,57
570,36	-5,43
570,62	-11,43
570,88	7,57
571,14	7,57
571,39	2,57
571,65	-0,43
571,91	0,57
572,17	-9,43
572,43	-6,43
572,69	-7,43
572,94	-2,43
573,20	8,57
573,46	-4,43
573,72	1,57
573,98	-12,43
574,24	1,57
574,49	-0,43
574,75	-2,43
575,01	1,57
575,27	-3,43
575,53	-5,43
575,79	-11,43
576,04	-5,43
576,30	3,57
576,56	-13,43
576,82	5,57
577,08	9,57
577,33	3,57
577,59	-1,43
577,85	9,57
578,11	6,57
578,37	-7,43
578,63	12,57
578,88	-22,43
579,14	6,57
579,40	6,57
579,66	-2,43
579,92	-13,43
580,17	1,57
580,43	3,57
580,69	0,57
580,95	-4,43
581,21	2,57
581,47	-2,43
581,72	-8,43
581,98	0,57
582,24	-20,43
582,50	4,57
582,76	-9,43
583,01	3,57
583,27	-10,43
583,53	-4,43
583,79	-5,43
584,05	-4,43
584,30	-21,43
584,56	1,57
584,82	-6,43
585,08	1,57
585,34	-16,43
585,59	-7,43
585,85	6,57
586,11	6,57
586,37	4,57
586,63	-14,43
586,88	-5,43
587,14	4,57
587,40	1,57
587,66	15,57
587,91	6,57
588,17	-10,43
588,43	-8,43
588,69	-10,43
588,95	-7,43
589,20	-17,43
589,46	-5,43
589,72	-1,43
589,98	-11,43
590,24	9,57
590,49	2,57
590,75	9,57
591,01	-8,43
591,27	-7,43
591,52	-2,43
591,78	-5,43
592,04	-9,43
592,30	-19,43
592,55	-23,43
592,81	-8,43
593,07	-14,43
593,33	-0,43
593,59	-4,43
593,84	-9,43
594,10	-0,43
594,36	-4,43
594,62	-0,43
594,87	-0,43
595,13	-21,43
595,39	-0,43
595,65	-4,43
595,90	-1,43
596,16	-6,43
596,42	-2,43
596,68	-5,43
596,93	-2,43
597,19	6,57
597,45	-1,43
597,71	0,57
597,97	0,57
598,22	-5,43
598,48	2,57
598,74	9,57
599,00	-0,43
599,25	-5,43
599,51	14,57
599,77	-6,43
600,03	3,57
600,28	11,57
600,54	-0,43
600,80	9,57
601,05	9,57
601,31	4,57
601,57	-2,43
601,83	-16,43
602,08	-8,43
602,34	-7,43
602,60	-8,43
602,86	1,57
603,11	6,57
603,37	-9,43
603,63	-11,43
603,89	-2,43
604,14	1,57
604,40	-7,43
604,66	1,57
604,92	5,57
605,17	-3,43
605,43	-17,43
605,69	-4,43
605,94	-5,43
606,20	1,57
606,46	-3,43
606,72	-20,43
606,97	-25,43
607,23	-13,43
607,49	5,57
607,75	1,57
608,00	-20,43
608,26	-8,43
608,52	-8,43
608,77	-15,43
609,03	-10,43
609,29	-7,43
609,55	6,57
609,80	-0,43
610,06	3,57
610,32	4,57
610,57	-1,43
610,83	-6,43
611,09	-2,43
611,35	-7,43
611,60	1,57
611,86	-6,43
612,12	-11,43
612,37	-15,43
612,63	13,57
612,89	-3,43
613,15	2,57
613,40	-10,43
613,66	-6,43
613,92	-3,43
614,17	0,57
614,43	-0,43
614,69	-15,43
614,94	-1,43
615,20	-20,43
615,46	-11,43
615,72	2,57
615,97	-2,43
616,23	3,57
616,49	-1,43
616,74	3,57
617,00	-9,43
617,26	5,57
617,51	7,57
617,77	-4,43
618,03	2,57
618,28	-5,43
618,54	7,57
618,80	7,57
619,05	4,57
619,31	-8,43
619,57	-3,43
619,83	-2,43
620,08	-1,43
620,34	-16,43
620,60	-17,43
620,85	-5,43
621,11	1,57
621,37	-7,43
621,62	-8,43
621,88	-6,43
622,14	5,57
622,39	3,57
622,65	-7,43
622,91	-2,43
623,16	-11,43
623,42	-2,43
623,68	-11,43
623,93	-1,43
624,19	-8,43
624,45	-16,43
624,70	-13,43
624,96	-15,43
625,22	-1,43
625,47	0,57
625,73	-0,43
625,99	3,57
626,24	-2,43
626,50	9,57
626,76	-0,43
627,01	2,57
627,27	1,57
627,53	-5,43
627,78	-12,43
628,04	2,57
628,30	-6,43
628,55	-9,43
628,81	-1,43
629,07	-9,43
629,32	-5,43
629,58	10,57
629,83	16,57
630,09	-4,43
630,35	-2,43
630,60	-7,43
630,86	-7,43
631,12	-11,43
631,37	-8,43
631,63	-6,43
631,89	5,57
632,14	-3,43
632,40	-1,43
632,66	-8,43
632,91	-0,43
633,17	-6,43
633,42	-14,43
633,68	-2,43
633,94	-8,43
634,19	17,57
634,45	-1,43
634,71	2,57
634,96	-10,43
635,22	0,57
635,48	-3,43
635,73	-0,43
635,99	-3,43
636,24	13,57
636,50	-1,43
636,76	3,57
637,01	3,57
637,27	-1,43
637,53	-4,43
637,78	6,57
638,04	2,57
638,29	-20,43
638,55	-4,43
638,81	-12,43
639,06	-11,43
639,32	2,57
639,57	-12,43
639,83	2,57
640,09	-15,43
640,34	7,57
640,60	-2,43
640,86	-5,43
641,11	-7,43
641,37	-8,43
641,62	-9,43
641,88	-4,43
642,14	-5,43
642,39	-10,43
642,65	4,57
642,90	3,57
643,16	-6,43
643,42	0,57
643,67	-12,43
643,93	-12,43
644,18	-0,43
644,44	2,57
644,70	-0,43
644,95	-3,43
645,21	-10,43
645,46	-0,43
645,72	-5,43
645,98	-4,43
646,23	0,57
646,49	-1,43
646,74	-11,43
647,00	-10,43
647,26	1,57
647,51	2,57
647,77	-7,43
648,02	-14,43
648,28	-1,43
648,54	-4,43
648,79	-2,43
649,05	-14,43
649,30	-13,43
649,56	-4,43
649,81	-1,43
650,07	-3,43
650,33	-3,43
650,58	-18,43
650,84	6,57
651,09	1,57
651,35	-14,43
651,60	-15,43
651,86	-1,43
652,12	3,57
652,37	-8,43
652,63	-13,43
652,88	2,57
653,14	-4,43
653,39	-2,43
653,65	3,57
653,91	0,57
654,16	-8,43
654,42	-5,43
654,67	1,57
654,93	-12,43
655,18	-2,43
655,44	-5,43
655,70	0,57
655,95	-12,43
656,21	-28,43
656,46	-5,43
656,72	-4,43
656,97	3,57
657,23	-11,43
657,49	1,57
657,74	-12,43
658,00	-9,43
658,25	-9,43
658,51	8,57
658,76	14,57
659,02	14,57
659,27	-4,43
659,53	-13,43
659,78	-12,43
660,04	-8,43
660,30	2,57
660,55	-9,43
660,81	-9,43
661,06	-9,43
661,32	-7,43
661,57	-7,43
661,83	-9,43
662,08	5,57
662,34	-7,43
662,59	-0,43
662,85	15,57
663,11	-20,43
663,36	4,57
663,62	-3,43
663,87	-3,43
664,13	-16,43
664,38	-11,43
664,64	-12,43
664,89	3,57
665,15	-18,43
665,40	-4,43
665,66	-4,43
665,91	-7,43
666,17	8,57
666,42	3,57
666,68	-10,43
666,93	-3,43
667,19	-17,43
667,45	-3,43
667,70	-1,43
667,96	2,57
668,21	-1,43
668,47	-6,43
668,72	-10,43
668,98	-6,43
669,23	-4,43
669,49	4,57
669,74	-4,43
670,00	-7,43
670,25	-4,43
670,51	-10,43
670,76	-17,43
671,02	-11,43
671,27	-7,43
671,53	-0,43
671,78	-5,43
672,04	-14,43
672,29	-11,43
672,55	9,57
672,80	5,57
673,06	-5,43
673,31	2,57
673,57	1,57
673,82	-2,43
674,08	-13,43
674,33	-0,43
674,59	-0,43
674,84	3,57
675,10	-0,43
675,35	-15,43
675,61	-18,43
675,86	-15,43
676,12	-7,43
676,37	-5,43
676,63	-9,43
676,88	1,57
677,14	-3,43
677,39	-2,43
677,65	4,57
677,90	1,57
678,16	9,57
678,41	-17,43
678,67	2,57
678,92	-4,43
679,18	-1,43
679,43	-22,43
679,69	3,57
679,94	5,57
680,20	6,57
680,45	-1,43
680,71	-8,43
680,96	-2,43
681,21	-7,43
681,47	-9,43
681,72	-3,43
681,98	-12,43
682,23	-2,43
682,49	-5,43
682,74	-20,43
683,00	-4,43
683,25	-6,43
683,51	-5,43
683,76	-11,43
684,02	-4,43
684,27	-7,43
684,53	-9,43
684,78	-5,43
685,04	-9,43
685,29	-4,43
685,54	-8,43
685,80	-9,43
686,05	-6,43
686,31	-2,43
686,56	-0,43
686,82	-4,43
687,07	-16,43
687,33	-5,43
687,58	-6,43
687,84	-10,43
688,09	-12,43
688,34	-4,43
688,60	-8,43
688,85	-11,43
689,11	-7,43
689,36	-13,43
689,62	-5,43
689,87	-2,43
690,13	-17,43
690,38	0,57
690,64	-3,43
690,89	-8,43
691,14	-10,43
691,40	-22,43
691,65	-12,43
691,91	-17,43
692,16	-11,43
692,42	-1,43
692,67	-6,43
692,92	-11,43
693,18	-5,43
693,43	-9,43
693,69	16,57
693,94	7,57
694,20	-11,43
694,45	-12,43
694,71	-7,43
694,96	-11,43
695,21	-8,43
695,47	-0,43
695,72	-7,43
695,98	-14,43
696,23	-4,43
696,48	-1,43
696,74	0,57
696,99	-12,43
697,25	-15,43
697,50	-1,43
697,76	-0,43
698,01	-2,43
698,26	0,57
698,52	-6,43
698,77	-8,43
699,03	-23,43
699,28	-20,43
699,54	9,57
699,79	-3,43
700,04	-11,43
700,30	-13,43
700,55	3,57
700,81	-11,43
701,06	-13,43
701,31	-6,43
701,57	0,57
701,82	-2,43
702,08	-2,43
702,33	-2,43
702,58	-13,43
702,84	0,57
703,09	5,57
703,35	-12,43
703,60	4,57
703,85	-5,43
704,11	-5,43
704,36	-9,43
704,62	-7,43
704,87	-7,43
705,12	-4,43
705,38	-1,43
705,63	-13,43
705,89	5,57
706,14	3,57
706,39	-27,43
706,65	-9,43
706,90	2,57
707,16	-15,43
707,41	-20,43
707,66	-11,43
707,92	-14,43
708,17	-6,43
708,42	0,57
708,68	-11,43
708,93	-21,43
709,19	-3,43
709,44	-4,43
709,69	-14,43
709,95	-20,43
710,20	-9,43
710,46	-14,43
710,71	-6,43
710,96	-4,43
711,22	-18,43
711,47	-10,43
711,72	-21,43
711,98	-9,43
712,23	-9,43
712,48	-5,43
712,74	-8,43
712,99	2,57
713,25	0,57
713,50	-3,43
713,75	2,57
714,01	-9,43
714,26	2,57
714,51	-7,43
714,77	-13,43
715,02	-9,43
715,28	-7,43
715,53	-3,43
715,78	-8,43
716,04	-9,43
716,29	-10,43
716,54	-6,43
716,80	-11,43
717,05	-11,43
717,30	-15,43
717,56	-0,43
717,81	-4,43
718,06	-5,43
718,32	-8,43
718,57	-17,43
718,82	-13,43
719,08	-16,43
719,33	4,57
719,58	-0,43
719,84	-10,43
720,09	-10,43
720,35	2,57
720,60	-4,43
720,85	5,57
721,11	-11,43
721,36	2,57
721,61	-5,43
721,87	-1,43
722,12	-0,43
722,37	-5,43
722,63	-10,43
722,88	-10,43
723,13	-4,43
723,39	-4,43
723,64	-10,43
723,89	1,57
724,15	-9,43
724,40	-7,43
724,65	-3,43
724,91	-6,43
725,16	-7,43
725,41	-6,43
725,67	-14,43
725,92	-7,43
726,17	-6,43
726,42	-4,43
726,68	2,57
726,93	2,57
727,18	-9,43
727,44	-12,43
727,69	-5,43
727,94	-2,43
728,20	-9,43
728,45	-11,43
728,70	-11,43
728,96	-0,43
729,21	-13,43
729,46	-6,43
729,72	-11,43
729,97	-6,43
730,22	-8,43
730,48	-4,43
730,73	-9,43
730,98	-24,43
731,23	-14,43
731,49	-5,43
731,74	-1,43
731,99	-18,43
732,25	-1,43
732,50	11,57
732,75	-3,43
733,01	9,57
733,26	-7,43
733,51	-14,43
733,76	-12,43
734,02	-11,43
734,27	-7,43
734,52	0,57
734,78	-17,43
735,03	-21,43
735,28	-6,43
735,54	-17,43
735,79	-6,43
736,04	-3,43
736,29	-8,43
736,55	-12,43
736,80	-14,43
737,05	-10,43
737,31	3,57
737,56	4,57
737,81	4,57
738,06	-5,43
738,32	-14,43
738,57	-7,43
738,82	-7,43
739,07	7,57
739,33	-8,43
739,58	0,57
739,83	-1,43
740,09	-7,43
740,34	0,57
740,59	-13,43
740,84	0,57
741,10	-15,43
741,35	-1,43
741,60	6,57
741,86	-5,43
742,11	-9,43
742,36	-10,43
742,61	-5,43
742,87	-5,43
743,12	-6,43
743,37	-8,43
743,62	-4,43
743,88	-13,43
744,13	-7,43
744,38	-5,43
744,63	-6,43
744,89	-4,43
745,14	-11,43
745,39	-7,43
745,64	-12,43
745,90	3,57
746,15	-6,43
746,40	-4,43
746,65	-1,43
746,91	-16,43
747,16	-15,43
747,41	-4,43
747,66	0,57
747,92	-0,43
748,17	-0,43
748,42	-7,43
748,67	-14,43
748,93	-1,43
749,18	8,57
749,43	-19,43
749,68	5,57
749,94	-13,43
750,19	-0,43
750,44	-6,43
750,69	6,57
750,95	-8,43
751,20	-8,43
751,45	-11,43
751,70	-10,43
751,96	0,57
752,21	8,57
752,46	-0,43
752,71	-4,43
752,96	1,57
753,22	-14,43
753,47	-8,43
753,72	3,57
753,97	-19,43
754,23	-12,43
754,48	-11,43
754,73	-23,43
754,98	-14,43
755,24	0,57
755,49	-16,43
755,74	-11,43
755,99	-5,43
756,24	-5,43
756,50	-4,43
756,75	-0,43
757,00	-7,43
757,25	-7,43
757,50	-2,43
757,76	-19,43
758,01	-29,43
758,26	-14,43
758,51	-19,43
758,77	-4,43
759,02	2,57
759,27	-2,43
759,52	-11,43
759,77	-4,43
760,03	-22,43
760,28	-23,43
760,53	-0,43
760,78	-5,43
761,03	-8,43
761,29	-9,43
761,54	-8,43
761,79	-3,43
762,04	-10,43
762,29	-13,43
762,55	-18,43
762,80	-12,43
763,05	-6,43
763,30	4,57
763,55	-5,43
763,81	-7,43
764,06	-19,43
764,31	1,57
764,56	-6,43
764,81	-6,43
765,07	-6,43
765,32	-6,43
765,57	-10,43
765,82	-1,43
766,07	-16,43
766,32	-11,43
766,58	-13,43
766,83	-6,43
767,08	-14,43
767,33	-3,43
767,58	-13,43
767,84	-13,43
768,09	-18,43
768,34	-16,43
768,59	-11,43
768,84	-10,43
769,09	0,57
769,35	-8,43
769,60	-3,43
769,85	-16,43
770,10	0,57
770,35	2,57
770,60	-8,43
770,86	-13,43
771,11	-10,43
771,36	-9,43
771,61	-10,43
771,86	-1,43
772,11	-2,43
772,37	-17,43
772,62	-4,43
772,87	3,57
773,12	-1,43
773,37	-8,43
773,62	-1,43
773,88	-16,43
774,13	-11,43
774,38	-13,43
774,63	-2,43
774,88	-3,43
775,13	-4,43
775,38	9,57
775,64	-16,43
775,89	-10,43
776,14	1,57
776,39	-13,43
776,64	-13,43
776,89	-25,43
777,15	-4,43
777,40	-5,43
777,65	0,57
777,90	-20,43
778,15	-6,43
778,40	-9,43
778,65	-0,43
778,91	-9,43
779,16	-18,43
779,41	-12,43
779,66	-0,43
779,91	-3,43
780,16	-8,43
780,41	-10,43
780,66	-7,43
780,92	-7,43
781,17	-27,43
781,42	-13,43
781,67	-6,43
781,92	-8,43
782,17	-8,43
782,42	-5,43
782,68	-2,43
782,93	-14,43
783,18	-9,43
783,43	-12,43
783,68	-13,43
783,93	-14,43
784,18	-6,43
784,43	-6,43
784,69	-15,43
784,94	2,57
785,19	-13,43
785,44	-0,43
785,69	-4,43
785,94	-8,43
786,19	-9,43
786,44	-3,43
786,69	-21,43
786,95	-0,43
787,20	-1,43
787,45	-8,43
787,70	-0,43
787,95	-0,43
788,20	0,57
788,45	-19,43
788,70	-24,43
788,95	-10,43
789,21	-14,43
789,46	-1,43
789,71	-12,43
789,96	-5,43
790,21	-5,43
790,46	-21,43
790,71	-20,43
790,96	-4,43
791,21	-13,43
791,46	-2,43
791,72	-8,43
791,97	-4,43
792,22	-0,43
792,47	-6,43
792,72	-14,43
792,97	-8,43
793,22	-8,43
793,47	-7,43
793,72	-6,43
793,97	-8,43
794,22	-19,43
794,47	-13,43
794,73	-2,43
794,98	-4,43
795,23	-28,43
795,48	-2,43
795,73	-8,43
795,98	-24,43
796,23	-4,43
796,48	-5,43
796,73	-2,43
796,98	2,57
797,23	5,57
797,48	1,57
797,74	-4,43
797,99	-14,43
798,24	-18,43
798,49	-8,43
798,74	-15,43
798,99	-9,43
799,24	-23,43
799,49	-14,43
799,74	-12,43
799,99	-16,43
800,24	-1,43
800,49	-8,43
800,74	-8,43
800,99	-3,43
801,24	-6,43
801,50	7,57
801,75	-3,43
802,00	7,57
802,25	-17,43
802,50	-12,43
802,75	-13,43
803,00	-10,43
803,25	-22,43
803,50	-12,43
803,75	-3,43
804,00	-4,43
804,25	-4,43
804,50	-5,43
804,75	-17,43
805,00	-16,43
805,25	-6,43
805,50	-6,43
805,75	-8,43
806,00	-14,43
806,26	-9,43
806,51	-5,43
806,76	-8,43
807,01	-12,43
807,26	-7,43
807,51	-4,43
807,76	-14,43
808,01	-9,43
808,26	8,57
808,51	-6,43
808,76	-4,43
809,01	-18,43
809,26	-15,43
809,51	-3,43
809,76	-5,43
810,01	3,57
810,26	-7,43
810,51	4,57
810,76	-8,43
811,01	-5,43
811,26	-11,43
811,51	-17,43
811,76	-0,43
812,01	-1,43
812,26	-13,43
812,51	-0,43
812,76	0,57
813,01	2,57
813,26	-26,43
813,51	-13,43
813,76	-5,43
814,01	-12,43
814,26	-6,43
814,51	-24,43
814,76	-1,43
815,02	-4,43
815,27	-17,43
815,52	-6,43
815,77	-6,43
816,02	-2,43
816,27	-13,43
816,52	-29,43
816,77	-14,43
817,02	-6,43
817,27	-6,43
817,52	-10,43
817,77	-16,43
818,02	4,57
818,27	-8,43
818,52	0,57
818,77	-8,43
819,02	2,57
819,27	-14,43
819,52	-8,43
819,77	-8,43
820,02	-9,43
820,27	-18,43
820,52	-1,43
820,77	-2,43
821,02	-4,43
821,27	-6,43
821,52	-9,43
821,77	-12,43
822,02	-21,43
822,26	-17,43
822,51	-15,43
822,76	-13,43
823,01	-1,43
823,26	2,57
823,51	1,57
823,76	0,57
824,01	-10,43
824,26	-4,43
824,51	-7,43
824,76	-3,43
825,01	-13,43
825,26	-21,43
825,51	-18,43
825,76	0,57
826,01	-8,43
826,26	-9,43
826,51	2,57
826,76	-14,43
827,01	-15,43
827,26	3,57
827,51	-10,43
827,76	-13,43
828,01	-13,43
828,26	-5,43
828,51	-5,43
828,76	-4,43
829,01	-13,43
829,26	-14,43
829,51	-9,43
829,76	7,57
830,01	-9,43
830,26	-5,43
830,51	-3,43
830,76	-5,43
831,00	-11,43
831,25	-19,43
831,50	-11,43
831,75	-2,43
832,00	-22,43
832,25	-8,43
832,50	-14,43
832,75	-8,43
833,00	-2,43
833,25	-1,43
833,50	2,57
833,75	-5,43
834,00	-2,43
834,25	-10,43
834,50	-4,43
834,75	-13,43
835,00	-20,43
835,25	-15,43
835,50	-19,43
835,74	-11,43
835,99	2,57
836,24	-7,43
836,49	-21,43
836,74	-0,43
836,99	-8,43
837,24	-18,43
837,49	-15,43
837,74	-20,43
837,99	0,57
838,24	3,57
838,49	-12,43
838,74	-26,43
838,99	-17,43
839,24	-10,43
839,48	-4,43
839,73	-2,43
839,98	-7,43
840,23	-20,43
840,48	-9,43
840,73	-21,43
840,98	-4,43
841,23	-2,43
841,48	-1,43
841,73	-3,43
841,98	-5,43
842,23	-9,43
842,48	-0,43
842,72	-8,43
842,97	2,57
843,22	-1,43
843,47	-17,43
843,72	2,57
843,97	-2,43
844,22	-14,43
844,47	-2,43
844,72	-10,43
844,97	-9,43
845,22	5,57
845,46	-15,43
845,71	-6,43
845,96	-1,43
846,21	-2,43
846,46	1,57
846,71	-2,43
846,96	-4,43
847,21	-29,43
847,46	-2,43
847,71	-13,43
847,95	-3,43
848,20	3,57
848,45	2,57
848,70	-11,43
848,95	-5,43
849,20	-5,43
849,45	4,57
849,70	-0,43
849,95	-5,43
850,19	1,57
850,44	1,57
850,69	0,57
850,94	3,57
851,19	-2,43
851,44	-15,43
851,69	-5,43
851,94	-8,43
852,19	-6,43
852,43	2,57
852,68	-14,43
852,93	-24,43
853,18	-2,43
853,43	-12,43
853,68	1,57
853,93	-6,43
854,18	-9,43
854,42	-2,43
854,67	-8,43
854,92	-13,43
855,17	-11,43
855,42	-14,43
855,67	-7,43
855,92	-11,43
856,16	-12,43
856,41	-2,43
856,66	-32,43
856,91	-22,43
857,16	-4,43
857,41	-18,43
857,66	-19,43
857,91	-4,43
858,15	-22,43
858,40	-7,43
858,65	-3,43
858,90	0,57
859,15	-14,43
859,40	-14,43
859,65	2,57
859,89	-6,43
860,14	-2,43
860,39	-19,43
860,64	-14,43
860,89	-16,43
861,14	-8,43
861,38	-8,43
861,63	-8,43
861,88	-15,43
862,13	3,57
862,38	-18,43
862,63	-2,43
862,88	-16,43
863,12	-9,43
863,37	-7,43
863,62	-9,43
863,87	-2,43
864,12	-15,43
864,37	-16,43
864,61	-5,43
864,86	-10,43
865,11	-10,43
865,36	-4,43
865,61	-6,43
865,86	-0,43
866,10	-5,43
866,35	-25,43
866,60	-14,43
866,85	-8,43
867,10	-8,43
867,35	-1,43
867,59	-10,43
867,84	-10,43
868,09	-12,43
868,34	-6,43
868,59	-8,43
868,83	-1,43
869,08	-16,43
869,33	-18,43
869,58	3,57
869,83	-8,43
870,08	0,57
870,32	6,57
870,57	-0,43
870,82	-0,43
871,07	-12,43
871,32	-5,43
871,56	-5,43
871,81	4,57
872,06	6,57
872,31	-2,43
872,56	-15,43
872,81	-18,43
873,05	-21,43
873,30	-10,43
873,55	-4,43
873,80	-4,43
874,05	-11,43
874,29	-10,43
874,54	-2,43
874,79	-10,43
875,04	-13,43
875,29	-8,43
875,53	-9,43
875,78	-9,43
876,03	-2,43
876,28	-15,43
876,52	-9,43
876,77	-7,43
877,02	-8,43
877,27	-11,43
877,52	5,57
877,76	-1,43
878,01	-11,43
878,26	-4,43
878,51	-11,43
878,76	-19,43
879,00	-4,43
879,25	-4,43
879,50	-8,43
879,75	-8,43
880,00	-0,43
880,24	-5,43
880,49	-12,43
880,74	-12,43
880,99	-4,43
881,23	-16,43
881,48	-9,43
881,73	-4,43
881,98	-0,43
882,22	3,57
882,47	-13,43
882,72	-9,43
882,97	-5,43
883,22	-0,43
883,46	-6,43
883,71	-4,43
883,96	-0,43
884,21	-8,43
884,45	0,57
884,70	-0,43
884,95	-9,43
885,20	1,57
885,44	1,57
885,69	-8,43
885,94	-14,43
886,19	-7,43
886,43	-6,43
886,68	-8,43
886,93	-16,43
887,18	-14,43
887,42	-3,43
887,67	3,57
887,92	-10,43
888,17	-11,43
888,42	-11,43
888,66	-12,43
888,91	-3,43
889,16	-16,43
889,40	-14,43
889,65	-14,43
889,90	-0,43
890,15	3,57
890,39	-5,43
890,64	-10,43
890,89	-9,43
891,14	-5,43
891,38	-11,43
891,63	-10,43
891,88	-17,43
892,13	-1,43
892,37	-6,43
892,62	-18,43
892,87	-4,43
893,12	-15,43
893,36	-19,43
893,61	1,57
893,86	4,57
894,11	-4,43
894,35	-6,43
894,60	-14,43
894,85	-8,43
895,09	-17,43
895,34	-12,43
895,59	-7,43
895,84	-9,43
896,08	0,57
896,33	-13,43
896,58	-17,43
896,82	-11,43
897,07	-8,43
897,32	-1,43
897,57	-8,43
897,81	-8,43
898,06	-1,43
898,31	6,57
898,55	-0,43
898,80	-17,43
899,05	0,57
899,30	8,57
899,54	1,57
899,79	-9,43
900,04	-17,43
900,28	-3,43
900,53	-4,43
900,78	-21,43
901,03	-1,43
901,27	-4,43
901,52	-1,43
901,77	1,57
902,01	2,57
902,26	-1,43
902,51	-8,43
902,75	-25,43
903,00	-12,43
903,25	-12,43
903,50	-10,43
903,74	-7,43
903,99	-21,43
904,24	-10,43
904,48	0,57
904,73	-15,43
904,98	-10,43
905,22	-5,43
905,47	9,57
905,72	-3,43
905,96	-16,43
906,21	-3,43
906,46	4,57
906,70	-9,43
906,95	-7,43
907,20	-14,43
907,45	-12,43
907,69	-8,43
907,94	-5,43
908,19	-9,43
908,43	-4,43
908,68	-4,43
908,93	-2,43
909,17	-3,43
909,42	-11,43
909,67	-6,43
909,91	-9,43
910,16	5,57
910,41	-10,43
910,65	2,57
910,90	-14,43
911,15	-8,43
911,39	-10,43
911,64	-6,43
911,89	-6,43
912,13	-16,43
912,38	-9,43
912,63	-6,43
912,87	-5,43
913,12	-5,43
913,37	-6,43
913,61	-16,43
913,86	-16,43
914,11	1,57
914,35	-11,43
914,60	-17,43
914,85	-9,43
915,09	5,57
915,34	-9,43
915,58	-9,43
915,83	-9,43
916,08	-14,43
916,32	-12,43
916,57	-18,43
916,82	-16,43
917,06	-9,43
917,31	-9,43
917,56	-1,43
917,80	-4,43
918,05	-9,43
918,30	-15,43
918,54	-3,43
918,79	3,57
919,04	-8,43
919,28	2,57
919,53	-6,43
919,77	-7,43
920,02	-4,43
920,27	-2,43
920,51	-7,43
920,76	-8,43
921,01	-11,43
921,25	-6,43
921,50	-8,43
921,74	-8,43
921,99	-14,43
922,24	-8,43
922,48	-18,43
922,73	-1,43
922,98	-7,43
923,22	-7,43
923,47	-20,43
923,71	0,57
923,96	-4,43
924,21	11,57
924,45	-8,43
924,70	-5,43
924,95	-10,43
925,19	-25,43
925,44	-0,43
925,68	-4,43
925,93	-20,43
926,18	-16,43
926,42	-11,43
926,67	-11,43
926,91	-6,43
927,16	-18,43
927,41	-9,43
927,65	-17,43
927,90	-10,43
928,14	1,57
928,39	3,57
928,64	-0,43
928,88	-3,43
929,13	-8,43
929,37	-13,43
929,62	-7,43
929,87	-2,43
930,11	-2,43
930,36	-9,43
930,60	-19,43
930,85	-12,43
931,10	-3,43
931,34	-16,43
931,59	2,57
931,83	-12,43
932,08	-3,43
932,33	-1,43
932,57	4,57
932,82	-8,43
933,06	-7,43
933,31	-11,43
933,56	-21,43
933,80	-13,43
934,05	-13,43
934,29	-8,43
934,54	-3,43
934,78	-17,43
935,03	-11,43
935,28	-19,43
935,52	-6,43
935,77	-8,43
936,01	-18,43
936,26	-10,43
936,51	-4,43
936,75	-5,43
937,00	6,57
937,24	-0,43
937,49	3,57
937,73	-13,43
937,98	-4,43
938,22	-0,43
938,47	-13,43
938,72	-4,43
938,96	-4,43
939,21	-5,43
939,45	-15,43
939,70	-2,43
939,94	-1,43
940,19	-17,43
940,44	-3,43
940,68	-9,43
940,93	-9,43
941,17	-12,43
941,42	-10,43
941,66	-3,43
941,91	-1,43
942,15	-23,43
942,40	-4,43
942,65	-13,43
942,89	-17,43
943,14	-1,43
943,38	-2,43
943,63	-8,43
943,87	-6,43
944,12	1,57
944,36	-8,43
944,61	-0,43
944,85	3,57
945,10	-2,43
945,35	-5,43
945,59	-9,43
945,84	-17,43
946,08	0,57
946,33	-24,43
946,57	-9,43
946,82	-2,43
947,06	-6,43
947,31	-6,43
947,55	-9,43
947,80	-12,43
948,04	-17,43
948,29	-13,43
948,54	-8,43
948,78	0,57
949,03	-13,43
949,27	-4,43
949,52	-13,43
949,76	-5,43
950,01	-4,43
950,25	-8,43
950,50	-6,43
950,74	-9,43
950,99	-8,43
951,23	-6,43
951,48	-4,43
951,72	-9,43
951,97	-14,43
952,21	-11,43
952,46	-20,43
952,70	-9,43
952,95	-10,43
953,19	-12,43
953,44	-14,43
953,68	-16,43
953,93	-2,43
954,17	-13,43
954,42	-2,43
954,66	-5,43
954,91	-8,43
955,15	-16,43
955,40	-9,43
955,64	-9,43
955,89	-22,43
956,13	-3,43
956,38	-21,43
956,62	-6,43
956,87	-13,43
957,11	-0,43
957,36	-6,43
957,60	-3,43
957,85	-17,43
958,09	-14,43
958,34	-27,43
958,58	-1,43
958,83	-0,43
959,07	-13,43
959,32	-20,43
959,56	-2,43
959,81	-14,43
960,05	-12,43
960,30	-15,43
960,54	-9,43
960,79	-3,43
961,03	-11,43
961,28	-13,43
961,52	-9,43
961,77	-14,43
962,01	2,57
962,26	-5,43
962,50	-17,43
962,75	-9,43
962,99	-3,43
963,24	-6,43
963,48	-12,43
963,73	-2,43
963,97	-14,43
964,21	-3,43
964,46	-7,43
964,70	-12,43
964,95	-14,43
965,19	-6,43
965,44	-17,43
965,68	-22,43
965,93	-20,43
966,17	-13,43
966,42	-11,43
966,66	3,57
966,91	0,57
967,15	-6,43
967,40	13,57
967,64	-7,43
967,88	-5,43
968,13	-9,43
968,37	-14,43
968,62	-14,43
968,86	-5,43
969,11	-1,43
969,35	3,57
969,60	-4,43
969,84	-9,43
970,09	-10,43
970,33	6,57
970,57	-12,43
970,82	-14,43
971,06	-10,43
971,31	-6,43
971,55	-4,43
971,80	-10,43
972,04	-22,43
972,29	-18,43
972,53	-1,43
972,77	-5,43
973,02	-6,43
973,26	-6,43
973,51	-4,43
973,75	-9,43
974,00	-14,43
974,24	-3,43
974,48	-18,43
974,73	-19,43
974,97	-13,43
975,22	-13,43
975,46	-4,43
975,71	0,57
975,95	-2,43
976,19	-4,43
976,44	-5,43
976,68	-12,43
976,93	-8,43
977,17	-11,43
977,42	-12,43
977,66	-11,43
977,90	-2,43
978,15	-8,43
978,39	-6,43
978,64	-8,43
978,88	-12,43
979,12	-17,43
979,37	-14,43
979,61	-12,43
979,86	-17,43
980,10	-4,43
980,35	-11,43
980,59	-13,43
980,83	-9,43
981,08	-9,43
981,32	-21,43
981,57	-13,43
981,81	-12,43
982,05	-6,43
982,30	-18,43
982,54	-10,43
982,79	-11,43
983,03	-19,43
983,27	-10,43
983,52	-0,43
983,76	-6,43
984,01	-12,43
984,25	-5,43
984,49	-9,43
984,74	-9,43
984,98	1,57
985,23	-10,43
985,47	-6,43
985,71	-9,43
985,96	-15,43
986,20	-0,43
986,45	-7,43
986,69	-14,43
986,93	-17,43
987,18	-6,43
987,42	-7,43
987,66	-1,43
987,91	2,57
988,15	-17,43
988,40	-13,43
988,64	-8,43
988,88	-14,43
989,13	-2,43
989,37	-6,43
989,61	-8,43
989,86	-9,43
990,10	-1,43
990,35	-10,43
990,59	-7,43
990,83	-5,43
991,08	-8,43
991,32	-8,43
991,56	-12,43
991,81	-1,43
992,05	-14,43
992,30	2,57
992,54	-16,43
992,78	-17,43
993,03	-6,43
993,27	4,57
993,51	-4,43
993,76	-9,43
994,00	-13,43
994,24	13,57
994,49	-17,43
994,73	-5,43
994,98	-8,43
995,22	-4,43
995,46	0,57
995,71	-6,43
995,95	-15,43
996,19	-18,43
996,44	-20,43
996,68	-12,43
996,92	4,57
997,17	2,57
997,41	-14,43
997,65	-13,43
997,90	0,57
998,14	-9,43
998,38	-20,43
998,63	-15,43
998,87	-6,43
999,11	-7,43
999,36	-4,43
999,60	0,57
999,84	-10,43
1000,09	-11,43
1000,33	-0,43
1000,57	-4,43
1000,82	-18,43
1001,06	-5,43
1001,30	-9,43
1001,55	-6,43
1001,79	-3,43
1002,03	-11,43
1002,28	-8,43
1002,52	-5,43
1002,76	-2,43
1003,01	-4,43
1003,25	-9,43
1003,49	-8,43
1003,74	-2,43
1003,98	-15,43
1004,22	-1,43
1004,47	-11,43
1004,71	-11,43
1004,95	-8,43
1005,20	-10,43
1005,44	-17,43
1005,68	-13,43
1005,93	-2,43
1006,17	-15,43
1006,41	5,57
1006,66	-8,43
1006,90	-14,43
1007,14	-11,43
1007,38	-8,43
1007,63	6,57
1007,87	-0,43
1008,11	-16,43
1008,36	-13,43
1008,60	-17,43
1008,84	-16,43
1009,09	-3,43
1009,33	-1,43
1009,57	-16,43
1009,81	-5,43
1010,06	-10,43
1010,30	-1,43
1010,54	-7,43
1010,79	-11,43
1011,03	-13,43
1011,27	-18,43
1011,52	-8,43
1011,76	-5,43
1012,00	-7,43
1012,24	-2,43
1012,49	-5,43
1012,73	-18,43
1012,97	-17,43
1013,22	1,57
1013,46	-8,43
1013,70	-4,43
1013,94	-6,43
1014,19	-4,43
1014,43	-2,43
1014,67	-23,43
1014,92	-14,43
1015,16	-5,43
1015,40	-4,43
1015,64	-10,43
1015,89	-10,43
1016,13	3,57
1016,37	-6,43
1016,62	-18,43
1016,86	-24,43
1017,10	10,57
1017,34	-2,43
1017,59	-4,43
1017,83	-22,43
1018,07	-15,43
1018,31	-5,43
1018,56	-11,43
1018,80	-17,43
1019,04	-3,43
1019,28	-4,43
1019,53	-0,43
1019,77	-7,43
1020,01	-12,43
1020,26	-10,43
1020,50	-12,43
1020,74	-0,43
1020,98	-8,43
1021,23	-14,43
1021,47	1,57
1021,71	-10,43
1021,95	-21,43
1022,20	-19,43
1022,44	-5,43
1022,68	-7,43
1022,92	-9,43
1023,17	3,57
1023,41	-15,43
1023,65	-7,43
1023,89	0,57
1024,14	-18,43
1024,38	-13,43
1024,62	-20,43
1024,86	-17,43
1025,11	-16,43
1025,35	-16,43
1025,59	-16,43
1025,83	-8,43
1026,07	-15,43
1026,32	-14,43
1026,56	-18,43
1026,80	-14,43
1027,04	-11,43
1027,29	-13,43
1027,53	-9,43
1027,77	-5,43
1028,01	-10,43
1028,26	-15,43
1028,50	-3,43
1028,74	-3,43
1028,98	-12,43
1029,22	6,57
1029,47	-7,43
1029,71	-10,43
1029,95	-14,43
1030,19	-0,43
1030,44	3,57
1030,68	-9,43
1030,92	-15,43
1031,16	-7,43
1031,40	-6,43
1031,65	-9,43
1031,89	0,57
1032,13	-0,43
1032,37	-9,43
1032,62	-10,43
1032,86	6,57
1033,10	-4,43
1033,34	-5,43
1033,58	1,57
1033,83	-16,43
1034,07	3,57
1034,31	-12,43
1034,55	-15,43
1034,79	-17,43
1035,04	-15,43
1035,28	-8,43
1035,52	-6,43
1035,76	-19,43
1036,00	-10,43
1036,25	-17,43
1036,49	-8,43
1036,73	-4,43
1036,97	-9,43
1037,21	-5,43
1037,46	-11,43
1037,70	-9,43
1037,94	-5,43
1038,18	-8,43
1038,42	-17,43
1038,67	-15,43
1038,91	-13,43
1039,15	-10,43
1039,39	-9,43
1039,63	-8,43
1039,88	-9,43
1040,12	-5,43
1040,36	-9,43
1040,60	-22,43
1040,84	-11,43
1041,08	-10,43
1041,33	-15,43
1041,57	-8,43
1041,81	-6,43
1042,05	2,57
1042,29	-6,43
1042,53	-3,43
1042,78	-12,43
1043,02	-11,43
1043,26	-13,43
1043,50	-2,43
1043,74	-9,43
1043,99	-12,43
1044,23	-3,43
1044,47	-7,43
1044,71	-26,43
1044,95	-16,43
1045,19	-14,43
1045,44	1,57
1045,68	-16,43
1045,92	-5,43
1046,16	-9,43
1046,40	-9,43
1046,64	-15,43
1046,88	-1,43
1047,13	-9,43
1047,37	-13,43
1047,61	-20,43
1047,85	-11,43
1048,09	-2,43
1048,33	-6,43
1048,58	-6,43
1048,82	-9,43
1049,06	-25,43
1049,30	-26,43
1049,54	-1,43
1049,78	-15,43
1050,02	-18,43
1050,27	-11,43
1050,51	-8,43
1050,75	-22,43
1050,99	-16,43
1051,23	-3,43
1051,47	-9,43
1051,71	-5,43
1051,96	-14,43
1052,20	-1,43
1052,44	-9,43
1052,68	-15,43
1052,92	-17,43
1053,16	-12,43
1053,40	-13,43
1053,65	-10,43
1053,89	-24,43
1054,13	-21,43
1054,37	-7,43
1054,61	-4,43
1054,85	-21,43
1055,09	-5,43
1055,33	2,57
1055,58	-2,43
1055,82	-1,43
1056,06	-1,43
1056,30	0,57
1056,54	-5,43
1056,78	-11,43
1057,02	-2,43
1057,26	-8,43
1057,51	-9,43
1057,75	-4,43
1057,99	-2,43
1058,23	-8,43
1058,47	-11,43
1058,71	-8,43
1058,95	-6,43
1059,19	-7,43
1059,43	-14,43
1059,68	-23,43
1059,92	4,57
1060,16	0,57
1060,40	-6,43
1060,64	-17,43
1060,88	-6,43
1061,12	-10,43
1061,36	-28,43
1061,60	-14,43
1061,84	-20,43
1062,09	-7,43
1062,33	-24,43
1062,57	-6,43
1062,81	-4,43
1063,05	-10,43
1063,29	-20,43
1063,53	-5,43
1063,77	-3,43
1064,01	-8,43
1064,25	-12,43
1064,50	-6,43
1064,74	-8,43
1064,98	-14,43
1065,22	-3,43
1065,46	-0,43
1065,70	0,57
1065,94	-18,43
1066,18	-18,43
1066,42	-15,43
1066,66	-2,43
1066,90	-18,43
1067,14	-12,43
1067,39	-13,43
1067,63	-10,43
1067,87	-14,43
1068,11	-0,43
1068,35	2,57
1068,59	0,57
1068,83	-17,43
1069,07	-15,43
1069,31	-8,43
1069,55	-1,43
1069,79	0,57
1070,03	-11,43
1070,27	-4,43
1070,52	-30,43
1070,76	-15,43
1071,00	-6,43
1071,24	-8,43
1071,48	-12,43
1071,72	-9,43
1071,96	-18,43
1072,20	-14,43
1072,44	-12,43
1072,68	-9,43
1072,92	6,57
1073,16	-19,43
1073,40	-11,43
1073,64	-10,43
1073,88	-15,43
1074,12	-0,43
1074,36	-18,43
1074,61	-7,43
1074,85	-22,43
1075,09	4,57
1075,33	-2,43
1075,57	-4,43
1075,81	-3,43
1076,05	-5,43
1076,29	-12,43
1076,53	-5,43
1076,77	-23,43
1077,01	-16,43
1077,25	-25,43
1077,49	-8,43
1077,73	-4,43
1077,97	0,57
1078,21	-3,43
1078,45	-8,43
1078,69	-26,43
1078,93	-13,43
1079,17	-9,43
1079,41	-12,43
1079,65	3,57
1079,89	-8,43
1080,13	-8,43
1080,37	-13,43
1080,61	-2,43
1080,86	-18,43
1081,10	-10,43
1081,34	-13,43
1081,58	-8,43
1081,82	-10,43
1082,06	-24,43
1082,30	-19,43
1082,54	-8,43
1082,78	1,57
1083,02	-14,43
1083,26	0,57
1083,50	-7,43
1083,74	-4,43
1083,98	-10,43
1084,22	-6,43
1084,46	-6,43
1084,70	-0,43
1084,94	-0,43
1085,18	-14,43
1085,42	1,57
1085,66	-16,43
1085,90	-8,43
1086,14	-4,43
1086,38	-6,43
1086,62	3,57
1086,86	-6,43
1087,10	-15,43
1087,34	-24,43
1087,58	-9,43
1087,82	-14,43
1088,06	-3,43
1088,30	-10,43
1088,54	-2,43
1088,78	-26,43
1089,02	-8,43
1089,26	-4,43
1089,50	-21,43
1089,74	-17,43
1089,98	-16,43
1090,22	-10,43
1090,46	-8,43
1090,70	-12,43
1090,94	-15,43
1091,18	-7,43
1091,42	-6,43
1091,66	-6,43
1091,90	-16,43
1092,14	5,57
1092,38	0,57
1092,62	-9,43
1092,86	-13,43
1093,10	-12,43
1093,34	-16,43
1093,58	-6,43
1093,82	-11,43
1094,06	-6,43
1094,30	-5,43
1094,54	-11,43
1094,78	-9,43
1095,01	-13,43
1095,25	-13,43
1095,49	-23,43
1095,73	-18,43
1095,97	-19,43
1096,21	-19,43
1096,45	-13,43
1096,69	-1,43
1096,93	-10,43
1097,17	-15,43
1097,41	-0,43
1097,65	-6,43
1097,89	-17,43
1098,13	-18,43
1098,37	-8,43
1098,61	-13,43
1098,85	-16,43
1099,09	-4,43
1099,33	-3,43
1099,57	-11,43
1099,81	-4,43
1100,05	-12,43
1100,29	-8,43
1100,53	-10,43
1100,77	-15,43
1101,00	-6,43
1101,24	1,57
1101,48	-17,43
1101,72	-8,43
1101,96	-13,43
1102,20	-13,43
1102,44	-1,43
1102,68	-9,43
1102,92	-20,43
1103,16	-1,43
1103,40	-16,43
1103,64	-12,43
1103,88	-13,43
1104,12	-9,43
1104,36	-1,43
1104,60	-8,43
1104,84	-19,43
1105,07	-14,43
1105,31	-7,43
1105,55	-12,43
1105,79	-13,43
1106,03	-16,43
1106,27	-12,43
1106,51	-9,43
1106,75	-1,43
1106,99	2,57
1107,23	-10,43
1107,47	1,57
1107,71	-6,43
1107,95	-16,43
1108,18	-20,43
1108,42	-10,43
1108,66	4,57
1108,90	-15,43
1109,14	-5,43
1109,38	-14,43
1109,62	-22,43
1109,86	-5,43
1110,10	-27,43
1110,34	-11,43
1110,58	-6,43
1110,82	5,57
1111,05	-9,43
1111,29	-22,43
1111,53	-18,43
1111,77	-2,43
1112,01	-15,43
1112,25	-10,43
1112,49	-11,43
1112,73	-0,43
1112,97	5,57
1113,21	-8,43
1113,45	-0,43
1113,68	-14,43
1113,92	-14,43
1114,16	-17,43
1114,40	-11,43
1114,64	2,57
1114,88	-20,43
1115,12	-7,43
1115,36	-11,43
1115,60	-25,43
1115,83	-8,43
1116,07	-4,43
1116,31	-9,43
1116,55	-3,43
1116,79	-10,43
1117,03	-13,43
1117,27	-13,43
1117,51	-10,43
1117,75	-19,43
1117,98	-20,43
1118,22	-13,43
1118,46	-14,43
1118,70	-2,43
1118,94	0,57
1119,18	0,57
1119,42	-8,43
1119,66	-6,43
1119,89	-4,43
1120,13	-1,43
1120,37	-11,43
1120,61	-12,43
1120,85	-20,43
1121,09	-7,43
1121,33	-16,43
1121,57	-19,43
1121,80	3,57
1122,04	-2,43
1122,28	-16,43
1122,52	-12,43
1122,76	-9,43
1123,00	-6,43
1123,24	-5,43
1123,47	-7,43
1123,71	-10,43
