194,53	1177,00
194,80	-33,52
195,07	-33,52
195,34	-55,52
195,61	-17,52
195,88	-7,52
196,15	-16,52
196,42	-11,52
196,69	-14,52
196,96	8,48
197,23	9,48
197,50	22,48
197,77	5,48
198,04	30,48
198,31	7,48
198,58	-6,52
198,85	-4,52
199,12	-6,52
199,39	-5,52
199,66	-12,52
199,93	-0,52
200,20	14,48
200,47	7,48
200,74	6,48
201,01	-6,52
201,28	-18,52
201,55	-7,52
201,82	-5,52
202,09	-10,52
202,36	-15,52
202,63	10,48
202,90	0,48
203,17	8,48
203,44	10,48
203,71	19,48
203,98	14,48
204,25	-9,52
204,52	-10,52
204,79	0,48
205,06	13,48
205,33	8,48
205,60	-9,52
205,86	-3,52
206,13	-10,52
206,40	-0,52
206,67	17,48
206,94	1,48
207,21	-14,52
207,48	-3,52
207,75	2,48
208,02	15,48
208,29	-1,52
208,56	12,48
208,83	5,48
209,10	-14,52
209,37	1,48
209,64	14,48
209,91	-4,52
210,18	-0,52
210,45	0,48
210,72	11,48
210,99	5,48
211,26	-1,52
211,53	-2,52
211,80	-4,52
212,07	7,48
212,33	2,48
212,60	-13,52
212,87	-1,52
213,14	2,48
213,41	16,48
213,68	9,48
213,95	2,48
214,22	-6,52
214,49	-11,52
214,76	-7,52
215,03	-15,52
215,30	0,48
215,57	22,48
215,84	-10,52
216,11	-2,52
216,38	19,48
216,65	1,48
216,91	23,48
217,18	-3,52
217,45	7,48
217,72	-6,52
217,99	-12,52
218,26	-10,52
218,53	25,48
218,80	11,48
219,07	-9,52
219,34	-1,52
219,61	6,48
219,88	0,48
220,15	15,48
220,42	8,48
220,68	-2,52
220,95	-12,52
221,22	4,48
221,49	29,48
221,76	7,48
222,03	6,48
222,30	8,48
222,57	-3,52
222,84	-12,52
223,11	5,48
223,38	0,48
223,65	5,48
223,92	4,48
224,18	7,48
224,45	-6,52
224,72	-7,52
224,99	6,48
225,26	15,48
225,53	1,48
225,80	10,48
226,07	0,48
226,34	-4,52
226,61	-5,52
226,88	0,48
227,14	17,48
227,41	-10,52
227,68	5,48
227,95	-0,52
228,22	2,48
228,49	6,48
228,76	-7,52
229,03	-8,52
229,30	21,48
229,57	5,48
229,83	-0,52
230,10	7,48
230,37	-0,52
230,64	-8,52
230,91	-12,52
231,18	-4,52
231,45	7,48
231,72	7,48
231,99	2,48
232,25	7,48
232,52	8,48
232,79	-4,52
233,06	19,48
233,33	3,48
233,60	9,48
233,87	17,48
234,14	8,48
234,41	10,48
234,67	3,48
234,94	7,48
235,21	-1,52
235,48	3,48
235,75	-12,52
236,02	9,48
236,29	3,48
236,56	0,48
236,82	-10,52
237,09	3,48
237,36	4,48
237,63	15,48
237,90	9,48
238,17	-1,52
238,44	0,48
238,71	5,48
238,97	-14,52
239,24	12,48
239,51	15,48
239,78	11,48
240,05	2,48
240,32	21,48
240,59	1,48
240,86	-0,52
241,12	4,48
241,39	11,48
241,66	-4,52
241,93	-21,52
242,20	-4,52
242,47	-2,52
242,74	6,48
243,00	6,48
243,27	7,48
243,54	4,48
243,81	11,48
244,08	22,48
244,35	-1,52
244,62	8,48
244,88	-8,52
245,15	-4,52
245,42	12,48
245,69	-6,52
245,96	-7,52
246,23	15,48
246,50	2,48
246,76	2,48
247,03	-2,52
247,30	-5,52
247,57	0,48
247,84	25,48
248,11	-3,52
248,37	12,48
248,64	-7,52
248,91	-12,52
249,18	6,48
249,45	5,48
249,72	8,48
249,99	5,48
250,25	-14,52
250,52	1,48
250,79	-0,52
251,06	3,48
251,33	3,48
251,60	9,48
251,86	-8,52
252,13	-6,52
252,40	8,48
252,67	2,48
252,94	-0,52
253,21	3,48
253,47	-10,52
253,74	-2,52
254,01	-8,52
254,28	13,48
254,55	-1,52
254,81	-24,52
255,08	3,48
255,35	-2,52
255,62	-11,52
255,89	2,48
256,16	-4,52
256,42	12,48
256,69	3,48
256,96	-5,52
257,23	-16,52
257,50	-6,52
257,76	-0,52
258,03	14,48
258,30	2,48
258,57	-6,52
258,84	-26,52
259,11	2,48
259,37	7,48
259,64	10,48
259,91	-4,52
260,18	1,48
260,45	-13,52
260,71	14,48
260,98	-16,52
261,25	-3,52
261,52	11,48
261,79	8,48
262,05	-11,52
262,32	19,48
262,59	-5,52
262,86	-9,52
263,13	-11,52
263,39	-16,52
263,66	15,48
263,93	20,48
264,20	-8,52
264,47	-14,52
264,73	-2,52
265,00	-2,52
265,27	8,48
265,54	-1,52
265,81	6,48
266,07	13,48
266,34	18,48
266,61	7,48
266,88	8,48
267,15	-6,52
267,41	-14,52
267,68	-3,52
267,95	3,48
268,22	-13,52
268,48	6,48
268,75	10,48
269,02	11,48
269,29	17,48
269,56	-9,52
269,82	-11,52
270,09	-14,52
270,36	-15,52
270,63	-8,52
270,89	11,48
271,16	-5,52
271,43	13,48
271,70	-2,52
271,97	-0,52
272,23	7,48
272,50	-7,52
272,77	-1,52
273,04	-8,52
273,30	-16,52
273,57	-6,52
273,84	2,48
274,11	-9,52
274,37	-10,52
274,64	15,48
274,91	13,48
275,18	-2,52
275,45	6,48
275,71	9,48
275,98	-14,52
276,25	-1,52
276,52	2,48
276,78	9,48
277,05	-6,52
277,32	-1,52
277,59	-1,52
277,85	-4,52
278,12	-14,52
278,39	2,48
278,66	10,48
278,92	-3,52
279,19	2,48
279,46	-23,52
279,73	2,48
279,99	-12,52
280,26	-5,52
280,53	-3,52
280,80	-7,52
281,06	11,48
281,33	11,48
281,60	-8,52
281,87	-0,52
282,13	-0,52
282,40	9,48
282,67	6,48
282,94	1,48
283,20	-12,52
283,47	-5,52
283,74	-8,52
284,01	2,48
284,27	11,48
284,54	31,48
284,81	3,48
285,07	-2,52
285,34	5,48
285,61	4,48
285,88	-3,52
286,14	-6,52
286,41	-2,52
286,68	-6,52
286,95	-3,52
287,21	-2,52
287,48	-8,52
287,75	-8,52
288,02	0,48
288,28	1,48
288,55	4,48
288,82	-0,52
289,08	-8,52
289,35	-5,52
289,62	5,48
289,89	-10,52
290,15	5,48
290,42	33,48
290,69	19,48
290,95	4,48
291,22	-16,52
291,49	11,48
291,76	9,48
292,02	-5,52
292,29	-1,52
292,56	-11,52
292,82	-0,52
293,09	-5,52
293,36	-15,52
293,63	-10,52
293,89	2,48
294,16	10,48
294,43	13,48
294,69	-3,52
294,96	-8,52
295,23	-6,52
295,50	-16,52
295,76	-3,52
296,03	10,48
296,30	-4,52
296,56	-2,52
296,83	0,48
297,10	7,48
297,36	-4,52
297,63	9,48
297,90	8,48
298,16	2,48
298,43	18,48
298,70	-12,52
298,97	9,48
299,23	12,48
299,50	9,48
299,77	-7,52
300,03	8,48
300,30	7,48
300,57	-6,52
300,83	-17,52
301,10	-1,52
301,37	-10,52
301,63	-5,52
301,90	-1,52
302,17	17,48
302,44	9,48
302,70	-4,52
302,97	-5,52
303,24	-4,52
303,50	-6,52
303,77	9,48
304,04	-10,52
304,30	-13,52
304,57	-6,52
304,84	1,48
305,10	-2,52
305,37	3,48
305,64	7,48
305,90	9,48
306,17	4,48
306,44	10,48
306,70	-0,52
306,97	-4,52
307,24	10,48
307,50	-11,52
307,77	-1,52
308,04	6,48
308,30	-2,52
308,57	-6,52
308,84	7,48
309,10	-18,52
309,37	-14,52
309,64	9,48
309,90	-5,52
310,17	-10,52
310,44	-19,52
310,70	-17,52
310,97	-16,52
311,24	-13,52
311,50	-14,52
311,77	-19,52
312,04	-9,52
312,30	-3,52
312,57	1,48
312,84	12,48
313,10	6,48
313,37	11,48
313,63	8,48
313,90	-1,52
314,17	-2,52
314,43	-16,52
314,70	12,48
314,97	-4,52
315,23	-20,52
315,50	-17,52
315,77	-2,52
316,03	-1,52
316,30	-10,52
316,57	-12,52
316,83	19,48
317,10	-0,52
317,36	-5,52
317,63	8,48
317,90	-13,52
318,16	15,48
318,43	8,48
318,70	17,48
318,96	-1,52
319,23	1,48
319,50	6,48
319,76	5,48
320,03	-9,52
320,29	7,48
320,56	25,48
320,83	-10,52
321,09	7,48
321,36	14,48
321,63	-2,52
321,89	-11,52
322,16	0,48
322,42	24,48
322,69	30,48
322,96	16,48
323,22	17,48
323,49	7,48
323,76	-0,52
324,02	-10,52
324,29	-5,52
324,55	-1,52
324,82	-1,52
325,09	-2,52
325,35	2,48
325,62	3,48
325,88	-2,52
326,15	-4,52
326,42	5,48
326,68	13,48
326,95	23,48
327,21	24,48
327,48	9,48
327,75	-8,52
328,01	19,48
328,28	2,48
328,55	-0,52
328,81	-3,52
329,08	-6,52
329,34	-5,52
329,61	-5,52
329,88	17,48
330,14	11,48
330,41	-1,52
330,67	-6,52
330,94	12,48
331,21	9,48
331,47	10,48
331,74	-6,52
332,00	12,48
332,27	1,48
332,53	-9,52
332,80	29,48
333,07	3,48
333,33	-9,52
333,60	-6,52
333,86	-9,52
334,13	-5,52
334,40	-10,52
334,66	-12,52
334,93	-14,52
335,19	-0,52
335,46	-5,52
335,73	-28,52
335,99	-12,52
336,26	14,48
336,52	-14,52
336,79	-5,52
337,05	11,48
337,32	6,48
337,59	-1,52
337,85	4,48
338,12	-3,52
338,38	3,48
338,65	12,48
338,91	0,48
339,18	34,48
339,45	9,48
339,71	11,48
339,98	-5,52
340,24	-14,52
340,51	18,48
340,77	-9,52
341,04	-11,52
341,31	-2,52
341,57	2,48
341,84	2,48
342,10	13,48
342,37	11,48
342,63	-6,52
342,90	-9,52
343,17	-9,52
343,43	11,48
343,70	-13,52
343,96	9,48
344,23	14,48
344,49	-8,52
344,76	-8,52
345,02	-5,52
345,29	-16,52
345,56	7,48
345,82	12,48
346,09	-18,52
346,35	-7,52
346,62	22,48
346,88	-3,52
347,15	0,48
347,41	8,48
347,68	-7,52
347,94	7,48
348,21	-1,52
348,48	8,48
348,74	2,48
349,01	2,48
349,27	25,48
349,54	-4,52
349,80	27,48
350,07	49,48
350,33	30,48
350,60	62,48
350,86	91,48
351,13	126,48
351,39	100,48
351,66	94,48
351,93	99,48
352,19	78,48
352,46	48,48
352,72	44,48
352,99	24,48
353,25	2,48
353,52	-6,52
353,78	0,48
354,05	-4,52
354,31	-6,52
354,58	-14,52
354,84	1,48
355,11	13,48
355,37	9,48
355,64	32,48
355,90	18,48
356,17	-0,52
356,43	1,48
356,70	-5,52
356,97	2,48
357,23	12,48
357,50	-4,52
357,76	-6,52
358,03	-11,52
358,29	5,48
358,56	6,48
358,82	5,48
359,09	-16,52
359,35	-14,52
359,62	-4,52
359,88	10,48
360,15	-3,52
360,41	-11,52
360,68	-12,52
360,94	6,48
361,21	10,48
361,47	1,48
361,74	9,48
362,00	-0,52
362,27	0,48
362,53	9,48
362,80	15,48
363,06	2,48
363,33	5,48
363,59	-16,52
363,86	2,48
364,12	20,48
364,39	-2,52
364,65	4,48
364,92	-1,52
365,18	10,48
365,45	-8,52
365,71	-12,52
365,98	10,48
366,24	12,48
366,51	-20,52
366,77	-6,52
367,04	2,48
367,30	2,48
367,57	-14,52
367,83	8,48
368,10	12,48
368,36	-7,52
368,63	-21,52
368,89	-8,52
369,15	-7,52
369,42	-0,52
369,68	3,48
369,95	3,48
370,21	9,48
370,48	-1,52
370,74	5,48
371,01	1,48
371,27	-0,52
371,54	5,48
371,80	9,48
372,07	7,48
372,33	3,48
372,60	6,48
372,86	-9,52
373,13	9,48
373,39	10,48
373,66	6,48
373,92	-1,52
374,18	-3,52
374,45	41,48
374,71	56,48
374,98	71,48
375,24	110,48
375,51	125,48
375,77	164,48
376,04	278,48
376,30	479,48
376,57	692,48
376,83	698,48
377,10	583,48
377,36	397,48
377,62	185,48
377,89	89,48
378,15	23,48
378,42	-0,52
378,68	6,48
378,95	6,48
379,21	-4,52
379,48	14,48
379,74	13,48
380,00	17,48
380,27	-10,52
380,53	-5,52
380,80	4,48
381,06	-16,52
381,33	3,48
381,59	-5,52
381,86	0,48
382,12	-13,52
382,38	2,48
382,65	-3,52
382,91	-6,52
383,18	-10,52
383,44	3,48
383,71	-14,52
383,97	-10,52
384,24	-15,52
384,50	10,48
384,76	0,48
385,03	6,48
385,29	-0,52
385,56	-1,52
385,82	10,48
386,09	13,48
386,35	2,48
386,61	-5,52
386,88	-8,52
387,14	-11,52
387,41	-11,52
387,67	-8,52
387,94	-6,52
388,20	0,48
388,46	-4,52
388,73	-6,52
388,99	23,48
389,26	-3,52
389,52	-4,52
389,78	-15,52
390,05	-13,52
390,31	-24,52
390,58	5,48
390,84	2,48
391,11	-3,52
391,37	-14,52
391,63	-10,52
391,90	-20,52
392,16	-10,52
392,43	4,48
392,69	-2,52
392,95	-4,52
393,22	-3,52
393,48	-8,52
393,75	-6,52
394,01	-9,52
394,27	-2,52
394,54	-21,52
394,80	-6,52
395,07	17,48
395,33	-0,52
395,59	4,48
395,86	6,48
396,12	1,48
396,39	-5,52
396,65	-8,52
396,91	-3,52
397,18	-3,52
397,44	4,48
397,71	6,48
397,97	-14,52
398,23	-5,52
398,50	-17,52
398,76	-8,52
399,03	-17,52
399,29	-3,52
399,55	-3,52
399,82	6,48
400,08	-8,52
400,34	5,48
400,61	-8,52
400,87	2,48
401,14	-19,52
401,40	-3,52
401,66	-2,52
401,93	2,48
402,19	-8,52
402,46	0,48
402,72	2,48
402,98	1,48
403,25	2,48
403,51	-6,52
403,77	-3,52
404,04	5,48
404,30	3,48
404,57	6,48
404,83	-2,52
405,09	13,48
405,36	-3,52
405,62	1,48
405,88	-2,52
406,15	9,48
406,41	10,48
406,67	-10,52
406,94	-6,52
407,20	-6,52
407,47	-12,52
407,73	-11,52
407,99	-19,52
408,26	8,48
408,52	-0,52
408,78	9,48
409,05	0,48
409,31	18,48
409,57	0,48
409,84	-12,52
410,10	9,48
410,37	-2,52
410,63	-4,52
410,89	7,48
411,16	17,48
411,42	-8,52
411,68	16,48
411,95	-6,52
412,21	7,48
412,47	-10,52
412,74	-2,52
413,00	-1,52
413,26	-14,52
413,53	5,48
413,79	-24,52
414,05	-1,52
414,32	-13,52
414,58	-12,52
414,84	-7,52
415,11	-22,52
415,37	-14,52
415,63	5,48
415,90	0,48
416,16	-0,52
416,42	0,48
416,69	3,48
416,95	2,48
417,21	-4,52
417,48	-10,52
417,74	-17,52
418,00	3,48
418,27	4,48
418,53	12,48
418,79	7,48
419,06	21,48
419,32	-21,52
419,58	-6,52
419,85	-2,52
420,11	-4,52
420,37	-12,52
420,64	0,48
420,90	16,48
421,16	-8,52
421,43	6,48
421,69	11,48
421,95	5,48
422,22	-7,52
422,48	-5,52
422,74	6,48
423,01	9,48
423,27	-14,52
423,53	-14,52
423,79	16,48
424,06	-14,52
424,32	-17,52
424,58	-24,52
424,85	-13,52
425,11	1,48
425,37	-8,52
425,64	-0,52
425,90	-8,52
426,16	12,48
426,43	-1,52
426,69	-6,52
426,95	13,48
427,21	9,48
427,48	-1,52
427,74	7,48
428,00	15,48
428,27	-6,52
428,53	3,48
428,79	0,48
429,06	3,48
429,32	6,48
429,58	2,48
429,84	-3,52
430,11	-10,52
430,37	-8,52
430,63	16,48
430,90	16,48
431,16	10,48
431,42	5,48
431,68	-5,52
431,95	7,48
432,21	-3,52
432,47	-1,52
432,74	-4,52
433,00	-7,52
433,26	0,48
433,52	25,48
433,79	12,48
434,05	7,48
434,31	-9,52
434,58	-5,52
434,84	-7,52
435,10	-24,52
435,36	-4,52
435,63	-1,52
435,89	-5,52
436,15	-7,52
436,41	18,48
436,68	5,48
436,94	-15,52
437,20	-6,52
437,47	12,48
437,73	-4,52
437,99	-7,52
438,25	-0,52
438,52	1,48
438,78	14,48
439,04	19,48
439,30	-0,52
439,57	-10,52
439,83	3,48
440,09	6,48
440,35	-7,52
440,62	18,48
440,88	-10,52
441,14	-1,52
441,41	-2,52
441,67	6,48
441,93	0,48
442,19	18,48
442,46	7,48
442,72	-18,52
442,98	-13,52
443,24	3,48
443,51	-2,52
443,77	19,48
444,03	-1,52
444,29	-10,52
444,56	13,48
444,82	11,48
445,08	-13,52
445,34	-17,52
445,61	-12,52
445,87	-14,52
446,13	-6,52
446,39	-13,52
446,65	0,48
446,92	-5,52
447,18	-3,52
447,44	-8,52
447,70	-22,52
447,97	-8,52
448,23	-16,52
448,49	-6,52
448,75	-2,52
449,02	3,48
449,28	-12,52
449,54	-15,52
449,80	1,48
450,07	-12,52
450,33	-11,52
450,59	8,48
450,85	-4,52
451,11	-10,52
451,38	-15,52
451,64	-22,52
451,90	-12,52
452,16	-5,52
452,43	-14,52
452,69	13,48
452,95	-9,52
453,21	14,48
453,47	1,48
453,74	3,48
454,00	15,48
454,26	10,48
454,52	-12,52
454,79	-12,52
455,05	0,48
455,31	0,48
455,57	-3,52
455,83	10,48
456,10	-8,52
456,36	-2,52
456,62	-23,52
456,88	-3,52
457,14	-2,52
457,41	-5,52
457,67	-17,52
457,93	0,48
458,19	-19,52
458,45	6,48
458,72	8,48
458,98	-4,52
459,24	-13,52
459,50	7,48
459,76	-6,52
460,03	-8,52
460,29	-12,52
460,55	-6,52
460,81	-11,52
461,07	34,48
461,34	-0,52
461,60	-0,52
461,86	-5,52
462,12	-9,52
462,38	-1,52
462,65	-2,52
462,91	5,48
463,17	-4,52
463,43	-8,52
463,69	-13,52
463,96	8,48
464,22	4,48
464,48	-4,52
464,74	-9,52
465,00	-7,52
465,26	13,48
465,53	2,48
465,79	-4,52
466,05	-9,52
466,31	10,48
466,57	1,48
466,84	-2,52
467,10	16,48
467,36	-4,52
467,62	15,48
467,88	-1,52
468,14	6,48
468,41	19,48
468,67	13,48
468,93	-7,52
469,19	-2,52
469,45	9,48
469,71	-21,52
469,98	-10,52
470,24	4,48
470,50	-23,52
470,76	8,48
471,02	15,48
471,28	6,48
471,55	9,48
471,81	-8,52
472,07	227,48
472,33	16,48
472,59	25,48
472,85	-8,52
473,12	-2,52
473,38	-15,52
473,64	-6,52
473,90	0,48
474,16	7,48
474,42	12,48
474,68	8,48
474,95	19,48
475,21	-14,52
475,47	10,48
475,73	6,48
475,99	11,48
476,25	4,48
476,52	9,48
476,78	-5,52
477,04	-3,52
477,30	15,48
477,56	-8,52
477,82	11,48
478,08	1,48
478,35	3,48
478,61	8,48
478,87	5,48
479,13	-1,52
479,39	-9,52
479,65	9,48
479,91	-3,52
480,17	-4,52
480,44	0,48
480,70	-2,52
480,96	7,48
481,22	-23,52
481,48	-19,52
481,74	-8,52
482,00	-16,52
482,27	-20,52
482,53	-2,52
482,79	0,48
483,05	11,48
483,31	6,48
483,57	0,48
483,83	-0,52
484,09	-9,52
484,36	11,48
484,62	1,48
484,88	-10,52
485,14	-6,52
485,40	-3,52
485,66	17,48
485,92	-1,52
486,18	12,48
486,44	7,48
486,71	9,48
486,97	-8,52
487,23	-9,52
487,49	-5,52
487,75	6,48
488,01	-2,52
488,27	4,48
488,53	0,48
488,79	-2,52
489,06	2,48
489,32	6,48
489,58	6,48
489,84	9,48
490,10	9,48
490,36	8,48
490,62	-1,52
490,88	-5,52
491,14	9,48
491,40	-13,52
491,67	-6,52
491,93	-5,52
492,19	-10,52
492,45	12,48
492,71	1,48
492,97	21,48
493,23	8,48
493,49	3,48
493,75	-9,52
494,01	9,48
494,28	-12,52
494,54	-10,52
494,80	-15,52
495,06	-18,52
495,32	-22,52
495,58	-4,52
495,84	-13,52
496,10	-12,52
496,36	-7,52
496,62	-6,52
496,88	4,48
497,14	-0,52
497,41	-5,52
497,67	-1,52
497,93	0,48
498,19	-4,52
498,45	3,48
498,71	-8,52
498,97	-4,52
499,23	-7,52
499,49	7,48
499,75	14,48
500,01	-2,52
500,27	-5,52
500,53	4,48
500,80	10,48
501,06	-2,52
501,32	-14,52
501,58	-3,52
501,84	16,48
502,10	-8,52
502,36	10,48
502,62	18,48
502,88	11,48
503,14	7,48
503,40	2,48
503,66	3,48
503,92	-5,52
504,18	20,48
504,44	11,48
504,70	2,48
504,97	-2,52
505,23	-17,52
505,49	-5,52
505,75	-21,52
506,01	-13,52
506,27	-9,52
506,53	-24,52
506,79	-3,52
507,05	-2,52
507,31	8,48
507,57	21,48
507,83	-4,52
508,09	-19,52
508,35	-6,52
508,61	-0,52
508,87	-7,52
509,13	-2,52
509,39	2,48
509,65	-11,52
509,91	1,48
510,17	-6,52
510,43	-5,52
510,70	-7,52
510,96	-5,52
511,22	27,48
511,48	10,48
511,74	14,48
512,00	-10,52
512,26	-13,52
512,52	6,48
512,78	-8,52
513,04	-4,52
513,30	-5,52
513,56	-2,52
513,82	-11,52
514,08	-19,52
514,34	-1,52
514,60	-7,52
514,86	-13,52
515,12	12,48
515,38	15,48
515,64	6,48
515,90	-0,52
516,16	4,48
516,42	-5,52
516,68	-0,52
516,94	-12,52
517,20	8,48
517,46	6,48
517,72	6,48
517,98	14,48
518,24	2,48
518,50	-0,52
518,76	0,48
519,02	15,48
519,28	25,48
519,54	-6,52
519,80	-4,52
520,06	-12,52
520,32	-2,52
520,58	-1,52
520,84	12,48
521,10	-0,52
521,36	0,48
521,62	-13,52
521,88	-7,52
522,14	-2,52
522,40	4,48
522,66	4,48
522,92	7,48
523,18	2,48
523,44	5,48
523,70	2,48
523,96	14,48
524,22	2,48
524,48	3,48
524,74	-1,52
525,00	-16,52
525,26	-4,52
525,52	15,48
525,78	5,48
526,04	5,48
526,30	10,48
526,56	4,48
526,82	6,48
527,08	-9,52
527,34	-4,52
527,60	-6,52
527,86	0,48
528,12	-10,52
528,38	22,48
528,64	10,48
528,90	31,48
529,16	25,48
529,42	23,48
529,68	-0,52
529,94	-6,52
530,20	10,48
530,46	20,48
530,72	15,48
530,98	42,48
531,24	41,48
531,50	101,48
531,76	234,48
532,02	481,48
532,28	789,48
532,54	1075,48
532,80	1463,48
533,06	2269,48
533,32	3450,48
533,58	4715,48
533,84	5451,48
534,10	4967,48
534,35	3623,48
534,61	2176,48
534,87	1134,48
535,13	545,48
535,39	297,48
535,65	154,48
535,91	107,48
536,17	62,48
536,43	65,48
536,69	19,48
536,95	44,48
537,21	22,48
537,47	10,48
537,73	14,48
537,99	1,48
538,25	27,48
538,51	10,48
538,77	-6,52
539,03	13,48
539,29	6,48
539,55	5,48
539,80	11,48
540,06	7,48
540,32	-10,52
540,58	0,48
540,84	-22,52
541,10	5,48
541,36	22,48
541,62	14,48
541,88	6,48
542,14	16,48
542,40	2,48
542,66	-1,52
542,92	-1,52
543,18	12,48
543,44	-10,52
543,70	20,48
543,95	14,48
544,21	-5,52
544,47	10,48
544,73	3,48
544,99	9,48
545,25	13,48
545,51	19,48
545,77	11,48
546,03	8,48
546,29	1,48
546,55	-4,52
546,81	-6,52
547,07	-1,52
547,32	-1,52
547,58	14,48
547,84	14,48
548,10	10,48
548,36	4,48
548,62	2,48
548,88	3,48
549,14	-1,52
549,40	19,48
549,66	-1,52
549,92	18,48
550,18	27,48
550,43	21,48
550,69	18,48
550,95	0,48
551,21	28,48
551,47	16,48
551,73	17,48
551,99	0,48
552,25	12,48
552,51	17,48
552,77	4,48
553,03	9,48
553,28	6,48
553,54	-3,52
553,80	0,48
554,06	-0,52
554,32	-8,52
554,58	-4,52
554,84	-3,52
555,10	12,48
555,36	14,48
555,61	24,48
555,87	-9,52
556,13	-29,52
556,39	-0,52
556,65	-6,52
556,91	-14,52
557,17	8,48
557,43	3,48
557,69	0,48
557,94	-4,52
558,20	3,48
558,46	-3,52
558,72	-7,52
558,98	6,48
559,24	12,48
559,50	-19,52
559,76	6,48
560,02	25,48
560,27	-1,52
560,53	1,48
560,79	-5,52
561,05	6,48
561,31	-14,52
561,57	-21,52
561,83	-10,52
562,09	-5,52
562,34	-12,52
562,60	-6,52
562,86	-7,52
563,12	2,48
563,38	-7,52
563,64	-15,52
563,90	12,48
564,15	8,48
564,41	-16,52
564,67	-1,52
564,93	-7,52
565,19	10,48
565,45	-0,52
565,71	4,48
565,97	-0,52
566,22	-14,52
566,48	-10,52
566,74	-6,52
567,00	-8,52
567,26	2,48
567,52	16,48
567,78	-0,52
568,03	-3,52
568,29	-2,52
568,55	0,48
568,81	1,48
569,07	3,48
569,33	-5,52
569,58	-12,52
569,84	-5,52
570,10	-13,52
570,36	-11,52
570,62	-8,52
570,88	-2,52
571,14	16,48
571,39	1,48
571,65	-22,52
571,91	7,48
572,17	19,48
572,43	1,48
572,69	-4,52
572,94	-18,52
573,20	-9,52
573,46	-8,52
573,72	-1,52
573,98	-2,52
574,24	-0,52
574,49	-16,52
574,75	-2,52
575,01	-0,52
575,27	0,48
575,53	2,48
575,79	13,48
576,04	13,48
576,30	-3,52
576,56	2,48
576,82	6,48
577,08	20,48
577,33	9,48
577,59	-2,52
577,85	23,48
578,11	-6,52
578,37	5,48
578,63	-5,52
578,88	8,48
579,14	11,48
579,40	-4,52
579,66	-8,52
579,92	7,48
580,17	-1,52
580,43	11,48
580,69	12,48
580,95	-15,52
581,21	-13,52
581,47	-4,52
581,72	-5,52
581,98	-4,52
582,24	1,48
582,50	22,48
582,76	-1,52
583,01	1,48
583,27	-8,52
583,53	-6,52
583,79	-4,52
584,05	1,48
584,30	-8,52
584,56	14,48
584,82	-2,52
585,08	-15,52
585,34	-8,52
585,59	-0,52
585,85	0,48
586,11	2,48
586,37	1,48
586,63	-10,52
586,88	18,48
587,14	-16,52
587,40	-14,52
587,66	-11,52
587,91	-4,52
588,17	-6,52
588,43	-19,52
588,69	-0,52
588,95	-28,52
589,20	-18,52
589,46	-8,52
589,72	-1,52
589,98	6,48
590,24	-7,52
590,49	-18,52
590,75	-10,52
591,01	-4,52
591,27	8,48
591,52	-0,52
591,78	11,48
592,04	-17,52
592,30	-8,52
592,55	-15,52
592,81	15,48
593,07	0,48
593,33	-5,52
593,59	-19,52
593,84	-10,52
594,10	7,48
594,36	-13,52
594,62	1,48
594,87	-22,52
595,13	-7,52
595,39	-1,52
595,65	11,48
595,90	6,48
596,16	1,48
596,42	-18,52
596,68	12,48
596,93	7,48
597,19	18,48
597,45	-10,52
597,71	-11,52
597,97	-9,52
598,22	-10,52
598,48	2,48
598,74	-0,52
599,00	5,48
599,25	19,48
599,51	3,48
599,77	-1,52
600,03	6,48
600,28	-4,52
600,54	-12,52
600,80	-14,52
601,05	-15,52
601,31	-14,52
601,57	-14,52
601,83	-21,52
602,08	-18,52
602,34	-12,52
602,60	-12,52
602,86	-2,52
603,11	-5,52
603,37	9,48
603,63	-6,52
603,89	-7,52
604,14	-12,52
604,40	-6,52
604,66	-3,52
604,92	-5,52
605,17	-4,52
605,43	-4,52
605,69	-0,52
605,94	6,48
606,20	9,48
606,46	9,48
606,72	7,48
606,97	0,48
607,23	12,48
607,49	-12,52
607,75	-10,52
608,00	-8,52
608,26	-19,52
608,52	-18,52
608,77	-10,52
609,03	-8,52
609,29	-1,52
609,55	-9,52
609,80	9,48
610,06	-2,52
610,32	-7,52
610,57	-9,52
610,83	-14,52
611,09	9,48
611,35	10,48
611,60	8,48
611,86	-2,52
612,12	-4,52
612,37	-20,52
612,63	-0,52
612,89	1,48
613,15	-4,52
613,40	-14,52
613,66	-5,52
613,92	-4,52
614,17	7,48
614,43	-10,52
614,69	0,48
614,94	-8,52
615,20	-3,52
615,46	-9,52
615,72	-1,52
615,97	-5,52
616,23	3,48
616,49	-0,52
616,74	-4,52
617,00	-21,52
617,26	6,48
617,51	5,48
617,77	-13,52
618,03	-12,52
618,28	-8,52
618,54	-16,52
618,80	4,48
619,05	3,48
619,31	-8,52
619,57	-18,52
619,83	14,48
620,08	-5,52
620,34	-1,52
620,60	-25,52
620,85	-11,52
621,11	-5,52
621,37	-3,52
621,62	-17,52
621,88	1,48
622,14	-2,52
622,39	-1,52
622,65	-3,52
622,91	-22,52
623,16	5,48
623,42	-10,52
623,68	-14,52
623,93	-15,52
624,19	-11,52
624,45	-14,52
624,70	-10,52
624,96	3,48
625,22	-2,52
625,47	-3,52
625,73	-5,52
625,99	-13,52
626,24	-24,52
626,50	-1,52
626,76	7,48
627,01	7,48
627,27	1,48
627,53	-10,52
627,78	-3,52
628,04	-20,52
628,30	-14,52
628,55	8,48
628,81	-3,52
629,07	-14,52
629,32	-8,52
629,58	-0,52
629,83	13,48
630,09	12,48
630,35	6,48
630,60	1,48
630,86	8,48
631,12	-18,52
631,37	-14,52
631,63	-16,52
631,89	6,48
632,14	-18,52
632,40	-13,52
632,66	0,48
632,91	1,48
633,17	-16,52
633,42	-22,52
633,68	-23,52
633,94	-5,52
634,19	126,48
634,45	-6,52
634,71	-14,52
634,96	-13,52
635,22	-6,52
635,48	-19,52
635,73	-6,52
635,99	-7,52
636,24	-5,52
636,50	-2,52
636,76	-16,52
637,01	-21,52
637,27	-19,52
637,53	-6,52
637,78	-8,52
638,04	2,48
638,29	-12,52
638,55	16,48
638,81	0,48
639,06	22,48
639,32	-9,52
639,57	-5,52
639,83	-1,52
640,09	-3,52
640,34	4,48
640,60	-9,52
640,86	2,48
641,11	11,48
641,37	-10,52
641,62	2,48
641,88	6,48
642,14	-0,52
642,39	-18,52
642,65	-2,52
642,90	1,48
643,16	-25,52
643,42	-15,52
643,67	10,48
643,93	-10,52
644,18	-9,52
644,44	-12,52
644,70	-1,52
644,95	-16,52
645,21	-29,52
645,46	-17,52
645,72	-7,52
645,98	16,48
646,23	-12,52
646,49	7,48
646,74	-11,52
647,00	-9,52
647,26	1,48
647,51	-2,52
647,77	-8,52
648,02	-5,52
648,28	-13,52
648,54	-18,52
648,79	-9,52
649,05	-16,52
649,30	3,48
649,56	-8,52
649,81	-1,52
650,07	-12,52
650,33	-7,52
650,58	-20,52
650,84	0,48
651,09	8,48
651,35	-2,52
651,60	-20,52
651,86	-8,52
652,12	2,48
652,37	5,48
652,63	-4,52
652,88	0,48
653,14	-5,52
653,39	-8,52
653,65	3,48
653,91	15,48
654,16	5,48
654,42	-23,52
654,67	-3,52
654,93	11,48
655,18	-3,52
655,44	-12,52
655,70	-14,52
655,95	-0,52
656,21	-7,52
656,46	-8,52
656,72	-10,52
656,97	-4,52
657,23	-8,52
657,49	-2,52
657,74	-1,52
658,00	-11,52
658,25	-2,52
658,51	-5,52
658,76	11,48
659,02	3,48
659,27	-18,52
659,53	-23,52
659,78	-9,52
660,04	-6,52
660,30	-10,52
660,55	5,48
660,81	-5,52
661,06	-9,52
661,32	-0,52
661,57	-0,52
661,83	-4,52
662,08	0,48
662,34	-6,52
662,59	1,48
662,85	-9,52
663,11	-0,52
663,36	-4,52
663,62	-12,52
663,87	-4,52
664,13	-12,52
664,38	-14,52
664,64	-2,52
664,89	-16,52
665,15	-3,52
665,40	-8,52
665,66	-20,52
665,91	-13,52
666,17	0,48
666,42	-2,52
666,68	-0,52
666,93	-11,52
667,19	-13,52
667,45	-13,52
667,70	-3,52
667,96	-13,52
668,21	-18,52
668,47	-0,52
668,72	-3,52
668,98	-20,52
669,23	-13,52
669,49	2,48
669,74	-0,52
670,00	16,48
670,25	-5,52
670,51	-10,52
670,76	-3,52
671,02	-6,52
671,27	-6,52
671,53	-5,52
671,78	-17,52
672,04	-1,52
672,29	-0,52
672,55	-10,52
672,80	-10,52
673,06	-6,52
673,31	-6,52
673,57	-25,52
673,82	-8,52
674,08	-31,52
674,33	3,48
674,59	-3,52
674,84	11,48
675,10	14,48
675,35	-5,52
675,61	10,48
675,86	-16,52
676,12	-7,52
676,37	-8,52
676,63	-4,52
676,88	-3,52
677,14	-12,52
677,39	-10,52
677,65	3,48
677,90	-17,52
678,16	-19,52
678,41	-13,52
678,67	-10,52
678,92	-13,52
679,18	-2,52
679,43	6,48
679,69	-8,52
679,94	2,48
680,20	-10,52
680,45	-15,52
680,71	-16,52
680,96	-16,52
681,21	-15,52
681,47	-29,52
681,72	-3,52
681,98	-9,52
682,23	-15,52
682,49	-11,52
682,74	8,48
683,00	10,48
683,25	8,48
683,51	-2,52
683,76	-1,52
684,02	-10,52
684,27	-1,52
684,53	-0,52
684,78	5,48
685,04	17,48
685,29	-2,52
685,54	-14,52
685,80	0,48
686,05	9,48
686,31	6,48
686,56	-4,52
686,82	-11,52
687,07	-23,52
687,33	-12,52
687,58	25,48
687,84	-0,52
688,09	-5,52
688,34	9,48
688,60	25,48
688,85	-11,52
689,11	-4,52
689,36	-10,52
689,62	-1,52
689,87	-4,52
690,13	22,48
690,38	1,48
690,64	-12,52
690,89	-6,52
691,14	-2,52
691,40	-18,52
691,65	-8,52
691,91	-1,52
692,16	3,48
692,42	-4,52
692,67	0,48
692,92	8,48
693,18	0,48
693,43	-18,52
693,69	-10,52
693,94	-4,52
694,20	-2,52
694,45	23,48
694,71	11,48
694,96	7,48
695,21	-5,52
695,47	-17,52
695,72	-27,52
695,98	-27,52
696,23	-18,52
696,48	2,48
696,74	11,48
696,99	-5,52
697,25	-9,52
697,50	-21,52
697,76	-20,52
698,01	-13,52
698,26	-9,52
698,52	-5,52
698,77	-20,52
699,03	-15,52
699,28	-10,52
699,54	-17,52
699,79	0,48
700,04	6,48
700,30	2,48
700,55	-19,52
700,81	-18,52
701,06	-17,52
701,31	-16,52
701,57	-4,52
701,82	-10,52
702,08	17,48
702,33	-19,52
702,58	-3,52
702,84	-7,52
703,09	-3,52
703,35	1,48
703,60	9,48
703,85	-7,52
704,11	6,48
704,36	12,48
704,62	-13,52
704,87	3,48
705,12	14,48
705,38	6,48
705,63	20,48
705,89	0,48
706,14	-4,52
706,39	-9,52
706,65	-6,52
706,90	22,48
707,16	-5,52
707,41	0,48
707,66	0,48
707,92	-8,52
708,17	-6,52
708,42	8,48
708,68	-5,52
708,93	-2,52
709,19	-10,52
709,44	-2,52
709,69	-5,52
709,95	-16,52
710,20	-25,52
710,46	12,48
710,71	-13,52
710,96	-2,52
711,22	10,48
711,47	4,48
711,72	-22,52
711,98	-3,52
712,23	-2,52
712,48	-14,52
712,74	3,48
712,99	-10,52
713,25	-22,52
713,50	-26,52
713,75	-6,52
714,01	11,48
714,26	2,48
714,51	-16,52
714,77	-8,52
715,02	-12,52
715,28	2,48
715,53	-24,52
715,78	3,48
716,04	-7,52
716,29	-1,52
716,54	-5,52
716,80	-7,52
717,05	3,48
717,30	16,48
717,56	-22,52
717,81	5,48
718,06	-24,52
718,32	-32,52
718,57	-9,52
718,82	-25,52
719,08	-4,52
719,33	-18,52
719,58	10,48
719,84	6,48
720,09	-10,52
720,35	-9,52
720,60	12,48
720,85	12,48
721,11	-14,52
721,36	-2,52
721,61	-3,52
721,87	-21,52
722,12	-19,52
722,37	-9,52
722,63	-6,52
722,88	3,48
723,13	3,48
723,39	-9,52
723,64	-14,52
723,89	-22,52
724,15	2,48
724,40	18,48
724,65	14,48
724,91	2,48
725,16	-14,52
725,41	7,48
725,67	-7,52
725,92	-7,52
726,17	-16,52
726,42	-5,52
726,68	0,48
726,93	5,48
727,18	2,48
727,44	-0,52
727,69	-21,52
727,94	-12,52
728,20	-7,52
728,45	8,48
728,70	5,48
728,96	-13,52
729,21	2,48
729,46	7,48
729,72	-6,52
729,97	19,48
730,22	2,48
730,48	-17,52
730,73	2,48
730,98	-14,52
731,23	-4,52
731,49	5,48
731,74	-8,52
731,99	3,48
732,25	5,48
732,50	-2,52
732,75	-13,52
733,01	0,48
733,26	0,48
733,51	-3,52
733,76	-24,52
734,02	-18,52
734,27	-5,52
734,52	-4,52
734,78	7,48
735,03	-1,52
735,28	-14,52
735,54	-0,52
735,79	-3,52
736,04	-13,52
736,29	-13,52
736,55	31,48
736,80	19,48
737,05	2,48
737,31	5,48
737,56	6,48
737,81	5,48
738,06	-13,52
738,32	-9,52
738,57	-3,52
738,82	7,48
739,07	-1,52
739,33	12,48
739,58	2,48
739,83	-19,52
740,09	2,48
740,34	-9,52
740,59	-1,52
740,84	-5,52
741,10	-19,52
741,35	-9,52
741,60	-2,52
741,86	10,48
742,11	-8,52
742,36	-10,52
742,61	-13,52
742,87	3,48
743,12	-4,52
743,37	-24,52
743,62	0,48
743,88	-10,52
744,13	-8,52
744,38	9,48
744,63	-1,52
744,89	-9,52
745,14	-6,52
745,39	-24,52
745,64	-18,52
745,90	-13,52
746,15	-4,52
746,40	1,48
746,65	-17,52
746,91	-3,52
747,16	16,48
747,41	5,48
747,66	8,48
747,92	-12,52
748,17	2,48
748,42	25,48
748,67	12,48
748,93	16,48
749,18	6,48
749,43	1,48
749,68	10,48
749,94	-20,52
750,19	-13,52
750,44	9,48
750,69	14,48
750,95	-5,52
751,20	-26,52
751,45	-12,52
751,70	-3,52
751,96	-7,52
752,21	9,48
752,46	1,48
752,71	5,48
752,96	-5,52
753,22	-2,52
753,47	-1,52
753,72	-1,52
753,97	-21,52
754,23	1,48
754,48	6,48
754,73	2,48
754,98	-20,52
755,24	-2,52
755,49	3,48
755,74	2,48
755,99	-4,52
756,24	3,48
756,50	-11,52
756,75	7,48
757,00	-1,52
757,25	-5,52
757,50	-18,52
757,76	-15,52
758,01	-13,52
758,26	3,48
758,51	-16,52
758,77	-5,52
759,02	-1,52
759,27	-16,52
759,52	8,48
759,77	-2,52
760,03	8,48
760,28	0,48
760,53	3,48
760,78	-11,52
761,03	22,48
761,29	31,48
761,54	48,48
761,79	41,48
762,04	57,48
762,29	33,48
762,55	42,48
762,80	38,48
763,05	21,48
763,30	11,48
763,55	16,48
763,81	9,48
764,06	10,48
764,31	-12,52
764,56	-16,52
764,81	-10,52
765,07	-0,52
765,32	-4,52
765,57	6,48
765,82	-0,52
766,07	-12,52
766,32	1,48
766,58	15,48
766,83	0,48
767,08	-5,52
767,33	-12,52
767,58	8,48
767,84	-2,52
768,09	10,48
768,34	-2,52
768,59	-28,52
768,84	-2,52
769,09	4,48
769,35	-6,52
769,60	16,48
769,85	-10,52
770,10	1,48
770,35	-8,52
770,60	-8,52
770,86	12,48
771,11	11,48
771,36	17,48
771,61	4,48
771,86	8,48
772,11	-4,52
772,37	-10,52
772,62	-9,52
772,87	-3,52
773,12	-6,52
773,37	3,48
773,62	-4,52
773,88	-19,52
774,13	-4,52
774,38	-7,52
774,63	-8,52
774,88	1,48
775,13	-15,52
775,38	-26,52
775,64	15,48
775,89	11,48
776,14	4,48
776,39	-21,52
776,64	-13,52
776,89	-5,52
777,15	-19,52
777,40	-15,52
777,65	-17,52
777,90	6,48
778,15	-31,52
778,40	-12,52
778,65	-4,52
778,91	-0,52
779,16	0,48
779,41	-5,52
779,66	-39,52
779,91	-23,52
780,16	-10,52
780,41	0,48
780,66	-3,52
780,92	5,48
781,17	-12,52
781,42	1,48
781,67	7,48
781,92	2,48
782,17	-4,52
782,42	-3,52
782,68	-2,52
782,93	-6,52
783,18	-18,52
783,43	-12,52
783,68	-13,52
783,93	-14,52
784,18	-16,52
784,43	-4,52
784,69	-18,52
784,94	-20,52
785,19	-3,52
785,44	2,48
785,69	-3,52
785,94	-12,52
786,19	-1,52
786,44	7,48
786,69	-10,52
786,95	-10,52
787,20	10,48
787,45	-3,52
787,70	-9,52
787,95	-0,52
788,20	-1,52
788,45	-1,52
788,70	-7,52
788,95	-8,52
789,21	9,48
789,46	-5,52
789,71	-7,52
789,96	-3,52
790,21	-32,52
790,46	-25,52
790,71	-16,52
790,96	18,48
791,21	17,48
791,46	2,48
791,72	11,48
791,97	5,48
792,22	-9,52
792,47	13,48
792,72	-2,52
792,97	-1,52
793,22	17,48
793,47	3,48
793,72	-7,52
793,97	7,48
794,22	2,48
794,47	-5,52
794,73	1,48
794,98	-0,52
795,23	-15,52
795,48	-10,52
795,73	-14,52
795,98	-10,52
796,23	-12,52
796,48	-4,52
796,73	0,48
796,98	-14,52
797,23	-11,52
797,48	4,48
797,74	-3,52
797,99	-18,52
798,24	-22,52
798,49	-6,52
798,74	-1,52
798,99	17,48
799,24	-2,52
799,49	-1,52
799,74	5,48
799,99	20,48
800,24	-0,52
800,49	-1,52
800,74	0,48
800,99	-9,52
801,24	-1,52
801,50	1,48
801,75	1,48
802,00	-8,52
802,25	-27,52
802,50	-16,52
802,75	-7,52
803,00	-8,52
803,25	-12,52
803,50	-6,52
803,75	-12,52
804,00	-18,52
804,25	-20,52
804,50	-14,52
804,75	-7,52
805,00	-26,52
805,25	-7,52
805,50	-16,52
805,75	1,48
806,00	-3,52
806,26	8,48
806,51	-9,52
806,76	-10,52
807,01	2,48
807,26	18,48
807,51	7,48
807,76	-20,52
808,01	-9,52
808,26	6,48
808,51	-4,52
808,76	22,48
809,01	33,48
809,26	30,48
809,51	77,48
809,76	89,48
810,01	85,48
810,26	62,48
810,51	41,48
810,76	44,48
811,01	38,48
811,26	3,48
811,51	6,48
811,76	0,48
812,01	9,48
812,26	6,48
812,51	-7,52
812,76	1,48
813,01	-19,52
813,26	7,48
813,51	1,48
813,76	8,48
814,01	-0,52
814,26	-9,52
814,51	-2,52
814,76	-14,52
815,02	0,48
815,27	13,48
815,52	-20,52
815,77	-17,52
816,02	-10,52
816,27	-0,52
816,52	-2,52
816,77	-6,52
817,02	8,48
817,27	1,48
817,52	-19,52
817,77	-28,52
818,02	-4,52
818,27	-9,52
818,52	8,48
818,77	-11,52
819,02	-13,52
819,27	-1,52
819,52	-5,52
819,77	-9,52
820,02	-8,52
820,27	-4,52
820,52	-15,52
820,77	-4,52
821,02	-12,52
821,27	-15,52
821,52	-18,52
821,77	-12,52
822,02	-16,52
822,26	-27,52
822,51	-18,52
822,76	-27,52
823,01	-11,52
823,26	-14,52
823,51	-20,52
823,76	-9,52
824,01	4,48
824,26	10,48
824,51	13,48
824,76	14,48
825,01	9,48
825,26	2,48
825,51	-10,52
825,76	7,48
826,01	-4,52
826,26	-0,52
826,51	-16,52
826,76	-18,52
827,01	-9,52
827,26	-15,52
827,51	-7,52
827,76	-15,52
828,01	-10,52
828,26	-19,52
828,51	-3,52
828,76	-6,52
829,01	-18,52
829,26	-24,52
829,51	10,48
829,76	-13,52
830,01	-28,52
830,26	-10,52
830,51	-8,52
830,76	-8,52
831,00	-27,52
831,25	-14,52
831,50	-9,52
831,75	-23,52
832,00	-20,52
832,25	17,48
832,50	-4,52
832,75	-1,52
833,00	5,48
833,25	-6,52
833,50	-12,52
833,75	-19,52
834,00	-9,52
834,25	-9,52
834,50	-9,52
834,75	-21,52
835,00	-23,52
835,25	-18,52
835,50	-13,52
835,74	-24,52
835,99	-11,52
836,24	-8,52
836,49	-10,52
836,74	-10,52
836,99	-15,52
837,24	-23,52
837,49	-15,52
837,74	-10,52
837,99	-6,52
838,24	-10,52
838,49	-3,52
838,74	-7,52
838,99	24,48
839,24	21,48
839,48	14,48
839,73	8,48
839,98	7,48
840,23	-1,52
840,48	11,48
840,73	17,48
840,98	4,48
841,23	28,48
841,48	5,48
841,73	3,48
841,98	-13,52
842,23	-6,52
842,48	-12,52
842,72	-13,52
842,97	-2,52
843,22	-5,52
843,47	-18,52
843,72	-1,52
843,97	-0,52
844,22	-20,52
844,47	-30,52
844,72	0,48
844,97	-3,52
845,22	-20,52
845,46	9,48
845,71	-9,52
845,96	-14,52
846,21	-6,52
846,46	-9,52
846,71	-17,52
846,96	-26,52
847,21	-22,52
847,46	-9,52
847,71	-2,52
847,95	-1,52
848,20	2,48
848,45	-11,52
848,70	-29,52
848,95	-21,52
849,20	-8,52
849,45	-8,52
849,70	-20,52
849,95	2,48
850,19	-7,52
850,44	-3,52
850,69	16,48
850,94	6,48
851,19	-21,52
851,44	-2,52
851,69	2,48
851,94	-8,52
852,19	-5,52
852,43	-11,52
852,68	-20,52
852,93	-2,52
853,18	-7,52
853,43	1,48
853,68	-10,52
853,93	-10,52
854,18	-22,52
854,42	-13,52
854,67	1,48
854,92	-6,52
855,17	2,48
855,42	-13,52
855,67	-5,52
855,92	8,48
856,16	-6,52
856,41	-10,52
856,66	-9,52
856,91	-3,52
857,16	1,48
857,41	-26,52
857,66	-10,52
857,91	-13,52
858,15	-7,52
858,40	-24,52
858,65	-22,52
858,90	-20,52
859,15	-24,52
859,40	-0,52
859,65	-21,52
859,89	-1,52
860,14	-1,52
860,39	-12,52
860,64	-14,52
860,89	12,48
861,14	1,48
861,38	-13,52
861,63	-6,52
861,88	-6,52
862,13	-9,52
862,38	-4,52
862,63	0,48
862,88	-3,52
863,12	2,48
863,37	-18,52
863,62	-17,52
863,87	1,48
864,12	-9,52
864,37	-14,52
864,61	-7,52
864,86	-0,52
865,11	1,48
865,36	10,48
865,61	-6,52
865,86	-12,52
866,10	1,48
866,35	-6,52
866,60	-23,52
866,85	-6,52
867,10	-14,52
867,35	-35,52
867,59	-22,52
867,84	-18,52
868,09	-15,52
868,34	-16,52
868,59	-30,52
868,83	3,48
869,08	-7,52
869,33	-1,52
869,58	-14,52
869,83	-10,52
870,08	-17,52
870,32	-2,52
870,57	-7,52
870,82	3,48
871,07	-11,52
871,32	-6,52
871,56	-4,52
871,81	15,48
872,06	-18,52
872,31	-7,52
872,56	-12,52
872,81	-11,52
873,05	-18,52
873,30	-11,52
873,55	-3,52
873,80	-17,52
874,05	-29,52
874,29	-1,52
874,54	-22,52
874,79	-3,52
875,04	-1,52
875,29	-12,52
875,53	-0,52
875,78	-1,52
876,03	-25,52
876,28	-9,52
876,52	-21,52
876,77	-11,52
877,02	-12,52
877,27	-1,52
877,52	-3,52
877,76	-2,52
878,01	8,48
878,26	0,48
878,51	-14,52
878,76	-1,52
879,00	0,48
879,25	-10,52
879,50	-20,52
879,75	-23,52
880,00	-7,52
880,24	-6,52
880,49	0,48
880,74	-15,52
880,99	-8,52
881,23	-26,52
881,48	-4,52
881,73	8,48
881,98	-1,52
882,22	-14,52
882,47	-1,52
882,72	-19,52
882,97	-9,52
883,22	-6,52
883,46	2,48
883,71	-1,52
883,96	70,48
884,21	5,48
884,45	-10,52
884,70	-18,52
884,95	-12,52
885,20	-14,52
885,44	-14,52
885,69	2,48
885,94	-28,52
886,19	-12,52
886,43	6,48
886,68	-22,52
886,93	-12,52
887,18	-1,52
887,42	-9,52
887,67	-7,52
887,92	4,48
888,17	-10,52
888,42	0,48
888,66	-21,52
888,91	-12,52
889,16	-9,52
889,40	-16,52
889,65	-15,52
889,90	-7,52
890,15	13,48
890,39	-9,52
890,64	-23,52
890,89	-14,52
891,14	-37,52
891,38	-16,52
891,63	-15,52
891,88	-10,52
892,13	-17,52
892,37	-12,52
892,62	-29,52
892,87	-29,52
893,12	-17,52
893,36	-18,52
893,61	-1,52
893,86	-16,52
894,11	0,48
894,35	-1,52
894,60	-1,52
894,85	-17,52
895,09	-5,52
895,34	-16,52
895,59	-22,52
895,84	-13,52
896,08	-21,52
896,33	-17,52
896,58	-12,52
896,82	-5,52
897,07	-10,52
897,32	-17,52
897,57	-26,52
897,81	-23,52
898,06	-8,52
898,31	-19,52
898,55	-7,52
898,80	-10,52
899,05	13,48
899,30	-16,52
899,54	-19,52
899,79	-14,52
900,04	-17,52
900,28	-8,52
900,53	-18,52
900,78	-12,52
901,03	-5,52
901,27	-4,52
901,52	-2,52
901,77	-12,52
902,01	-12,52
902,26	-5,52
902,51	-13,52
902,75	-10,52
903,00	-11,52
903,25	-22,52
903,50	-10,52
903,74	-13,52
903,99	-9,52
904,24	-19,52
904,48	-15,52
904,73	10,48
904,98	-12,52
905,22	-16,52
905,47	-21,52
905,72	-14,52
905,96	-18,52
906,21	-5,52
906,46	-8,52
906,70	-4,52
906,95	-12,52
907,20	-10,52
907,45	-28,52
907,69	-25,52
907,94	-5,52
908,19	-6,52
908,43	-35,52
908,68	-2,52
908,93	-17,52
909,17	-20,52
909,42	-3,52
909,67	2,48
909,91	-18,52
910,16	-2,52
910,41	-24,52
910,65	-8,52
910,90	9,48
911,15	10,48
911,39	-15,52
911,64	-16,52
911,89	-9,52
912,13	-12,52
912,38	-1,52
912,63	-6,52
912,87	-25,52
913,12	-10,52
913,37	-17,52
913,61	-21,52
913,86	0,48
914,11	-13,52
914,35	-24,52
914,60	-13,52
914,85	-23,52
915,09	-12,52
915,34	-24,52
915,58	-8,52
915,83	-21,52
916,08	-36,52
916,32	-25,52
916,57	-10,52
916,82	-10,52
917,06	-16,52
917,31	0,48
917,56	-25,52
917,80	-2,52
918,05	-13,52
918,30	-6,52
918,54	-8,52
918,79	1,48
919,04	-6,52
919,28	-10,52
919,53	-5,52
919,77	-6,52
920,02	-18,52
920,27	-4,52
920,51	-2,52
920,76	-6,52
921,01	0,48
921,25	-18,52
921,50	-8,52
921,74	-5,52
921,99	-9,52
922,24	-20,52
922,48	-18,52
922,73	-11,52
922,98	-19,52
923,22	-6,52
923,47	1,48
923,71	-1,52
923,96	-2,52
924,21	-28,52
924,45	-15,52
924,70	-10,52
924,95	-17,52
925,19	-16,52
925,44	-1,52
925,68	1,48
925,93	-15,52
926,18	-16,52
926,42	-14,52
926,67	-12,52
926,91	-7,52
927,16	-18,52
927,41	-28,52
927,65	-29,52
927,90	-14,52
928,14	-1,52
928,39	1,48
928,64	-16,52
928,88	1,48
929,13	2,48
929,37	-5,52
929,62	-26,52
929,87	-1,52
930,11	5,48
930,36	-15,52
930,60	-16,52
930,85	-5,52
931,10	-17,52
931,34	-9,52
931,59	6,48
931,83	-1,52
932,08	-20,52
932,33	-14,52
932,57	-28,52
932,82	-21,52
933,06	-20,52
933,31	8,48
933,56	13,48
933,80	2,48
934,05	-13,52
934,29	-26,52
934,54	17,48
934,78	-16,52
935,03	-12,52
935,28	-22,52
935,52	4,48
935,77	-21,52
936,01	-20,52
936,26	-5,52
936,51	8,48
936,75	2,48
937,00	-8,52
937,24	-7,52
937,49	10,48
937,73	-22,52
937,98	-20,52
938,22	2,48
938,47	-20,52
938,72	-26,52
938,96	-23,52
939,21	-19,52
939,45	-14,52
939,70	-20,52
939,94	-7,52
940,19	-4,52
940,44	-26,52
940,68	-9,52
940,93	-1,52
941,17	-2,52
941,42	-0,52
941,66	-16,52
941,91	9,48
942,15	-18,52
942,40	-4,52
942,65	-22,52
942,89	-4,52
943,14	2,48
943,38	-8,52
943,63	-10,52
943,87	-16,52
944,12	-19,52
944,36	-8,52
944,61	-11,52
944,85	5,48
945,10	0,48
945,35	7,48
945,59	3,48
945,84	7,48
946,08	0,48
946,33	-12,52
946,57	-11,52
946,82	-17,52
947,06	-5,52
947,31	11,48
947,55	-23,52
947,80	-12,52
948,04	-22,52
948,29	-44,52
948,54	-2,52
948,78	-17,52
949,03	-5,52
949,27	-16,52
949,52	-3,52
949,76	-9,52
950,01	-18,52
950,25	-15,52
950,50	2,48
950,74	-9,52
950,99	-5,52
951,23	-22,52
951,48	-29,52
951,72	-22,52
951,97	-10,52
952,21	-7,52
952,46	-19,52
952,70	-29,52
952,95	-24,52
953,19	-19,52
953,44	-17,52
953,68	-1,52
953,93	-13,52
954,17	-18,52
954,42	-2,52
954,66	-9,52
954,91	-4,52
955,15	-10,52
955,40	-2,52
955,64	-12,52
955,89	-9,52
956,13	-10,52
956,38	-15,52
956,62	-9,52
956,87	0,48
957,11	-9,52
957,36	-15,52
957,60	-15,52
957,85	-18,52
958,09	-27,52
958,34	-25,52
958,58	-12,52
958,83	-5,52
959,07	-10,52
959,32	-20,52
959,56	-10,52
959,81	-0,52
960,05	0,48
960,30	-21,52
960,54	-2,52
960,79	-8,52
961,03	-7,52
961,28	-16,52
961,52	-8,52
961,77	-9,52
962,01	-0,52
962,26	-24,52
962,50	-8,52
962,75	-24,52
962,99	-11,52
963,24	18,48
963,48	-15,52
963,73	-21,52
963,97	-9,52
964,21	-5,52
964,46	-9,52
964,70	1,48
964,95	-0,52
965,19	-7,52
965,44	-22,52
965,68	-7,52
965,93	-6,52
966,17	-2,52
966,42	17,48
966,66	-18,52
966,91	-17,52
967,15	-14,52
967,40	-0,52
967,64	-0,52
967,88	1,48
968,13	-12,52
968,37	-27,52
968,62	-6,52
968,86	-14,52
969,11	-27,52
969,35	-4,52
969,60	1,48
969,84	-28,52
970,09	-12,52
970,33	-19,52
970,57	-17,52
970,82	-14,52
971,06	-21,52
971,31	-29,52
971,55	-10,52
971,80	-3,52
972,04	-12,52
972,29	-2,52
972,53	-5,52
972,77	-4,52
973,02	-6,52
973,26	-21,52
973,51	-20,52
973,75	-8,52
974,00	-16,52
974,24	-13,52
974,48	-14,52
974,73	-10,52
974,97	-14,52
975,22	-10,52
975,46	-31,52
975,71	-22,52
975,95	-6,52
976,19	-9,52
976,44	-6,52
976,68	-6,52
976,93	-26,52
977,17	-17,52
977,42	-13,52
977,66	-6,52
977,90	-18,52
978,15	-21,52
978,39	-17,52
978,64	-6,52
978,88	-9,52
979,12	-20,52
979,37	-23,52
979,61	-16,52
979,86	-38,52
980,10	-15,52
980,35	-17,52
980,59	-16,52
980,83	-6,52
981,08	-18,52
981,32	-25,52
981,57	-15,52
981,81	-6,52
982,05	-18,52
982,30	3,48
982,54	-9,52
982,79	-14,52
983,03	-15,52
983,27	-22,52
983,52	-22,52
983,76	-15,52
984,01	-15,52
984,25	-8,52
984,49	-16,52
984,74	-8,52
984,98	-14,52
985,23	-23,52
985,47	-17,52
985,71	-14,52
985,96	-23,52
986,20	-5,52
986,45	-18,52
986,69	6,48
986,93	12,48
987,18	-18,52
987,42	-17,52
987,66	8,48
987,91	19,48
988,15	-4,52
988,40	-17,52
988,64	-22,52
988,88	-19,52
989,13	-9,52
989,37	-9,52
989,61	-13,52
989,86	-9,52
990,10	-12,52
990,35	8,48
990,59	-6,52
990,83	-6,52
991,08	-9,52
991,32	-20,52
991,56	-24,52
991,81	-10,52
992,05	12,48
992,30	-15,52
992,54	-23,52
992,78	1,48
993,03	-24,52
993,27	-17,52
993,51	-6,52
993,76	-15,52
994,00	-16,52
994,24	15,48
994,49	-1,52
994,73	0,48
994,98	-6,52
995,22	-6,52
995,46	-25,52
995,71	-18,52
995,95	-9,52
996,19	-14,52
996,44	-17,52
996,68	-4,52
996,92	-8,52
997,17	-17,52
997,41	-15,52
997,65	-24,52
997,90	-12,52
998,14	-13,52
998,38	-22,52
998,63	-26,52
998,87	-30,52
999,11	-18,52
999,36	-12,52
999,60	2,48
999,84	-21,52
1000,09	-16,52
1000,33	-6,52
1000,57	-7,52
1000,82	-23,52
1001,06	-17,52
1001,30	-7,52
1001,55	-8,52
1001,79	3,48
1002,03	-12,52
1002,28	-20,52
1002,52	-24,52
1002,76	1,48
1003,01	-16,52
1003,25	-18,52
1003,49	-7,52
1003,74	-19,52
1003,98	-9,52
1004,22	9,48
1004,47	-19,52
1004,71	-26,52
1004,95	-7,52
1005,20	-10,52
1005,44	-16,52
1005,68	-5,52
1005,93	-19,52
1006,17	-11,52
1006,41	-4,52
1006,66	-11,52
1006,90	17,48
1007,14	-14,52
1007,38	-6,52
1007,63	-5,52
1007,87	-25,52
1008,11	-24,52
1008,36	0,48
1008,60	3,48
1008,84	-19,52
1009,09	17,48
1009,33	3,48
1009,57	-13,52
1009,81	-12,52
1010,06	-12,52
1010,30	1,48
1010,54	-5,52
1010,79	-12,52
1011,03	-22,52
1011,27	-30,52
1011,52	-26,52
1011,76	5,48
1012,00	-1,52
1012,24	-3,52
1012,49	-8,52
1012,73	1,48
1012,97	-15,52
1013,22	0,48
1013,46	-10,52
1013,70	-4,52
1013,94	-9,52
1014,19	-19,52
1014,43	-5,52
1014,67	6,48
1014,92	-6,52
1015,16	-8,52
1015,40	-15,52
1015,64	-19,52
1015,89	-25,52
1016,13	5,48
1016,37	-5,52
1016,62	-20,52
1016,86	-15,52
1017,10	-15,52
1017,34	-10,52
1017,59	-21,52
1017,83	-17,52
1018,07	-15,52
1018,31	-5,52
1018,56	-13,52
1018,80	-10,52
1019,04	-25,52
1019,28	-16,52
1019,53	-17,52
1019,77	-12,52
1020,01	-9,52
1020,26	-20,52
1020,50	-20,52
1020,74	-9,52
1020,98	3,48
1021,23	-8,52
1021,47	-10,52
1021,71	-5,52
1021,95	-17,52
1022,20	-16,52
1022,44	-8,52
1022,68	-2,52
1022,92	-15,52
1023,17	4,48
1023,41	-12,52
1023,65	-3,52
1023,89	-13,52
1024,14	-14,52
1024,38	3,48
1024,62	-17,52
1024,86	-9,52
1025,11	-0,52
1025,35	-6,52
1025,59	8,48
1025,83	-9,52
1026,07	-14,52
1026,32	-18,52
1026,56	-11,52
1026,80	-14,52
1027,04	-12,52
1027,29	-9,52
1027,53	-7,52
1027,77	-1,52
1028,01	-18,52
1028,26	-24,52
1028,50	-20,52
1028,74	-22,52
1028,98	-32,52
1029,22	9,48
1029,47	-16,52
1029,71	6,48
1029,95	-16,52
1030,19	-7,52
1030,44	11,48
1030,68	-17,52
1030,92	-22,52
1031,16	-33,52
1031,40	-11,52
1031,65	-5,52
1031,89	-15,52
1032,13	-10,52
1032,37	-23,52
1032,62	-9,52
1032,86	-24,52
1033,10	1,48
1033,34	15,48
1033,58	-9,52
1033,83	-20,52
1034,07	-3,52
1034,31	-20,52
1034,55	-26,52
1034,79	-0,52
1035,04	-13,52
1035,28	-9,52
1035,52	9,48
1035,76	-9,52
1036,00	-8,52
1036,25	-10,52
1036,49	-18,52
1036,73	-13,52
1036,97	-5,52
1037,21	-19,52
1037,46	-21,52
1037,70	-14,52
1037,94	-8,52
1038,18	-6,52
1038,42	-22,52
1038,67	-21,52
1038,91	-20,52
1039,15	-12,52
1039,39	-15,52
1039,63	-8,52
1039,88	-11,52
1040,12	-16,52
1040,36	-4,52
1040,60	-5,52
1040,84	-8,52
1041,08	-12,52
1041,33	-10,52
1041,57	-3,52
1041,81	8,48
1042,05	-12,52
1042,29	-0,52
1042,53	-25,52
1042,78	-23,52
1043,02	-1,52
1043,26	-0,52
1043,50	-8,52
1043,74	-6,52
1043,99	-23,52
1044,23	-10,52
1044,47	-23,52
1044,71	-6,52
1044,95	-4,52
1045,19	-7,52
1045,44	-0,52
1045,68	-5,52
1045,92	-0,52
1046,16	-8,52
1046,40	3,48
1046,64	-15,52
1046,88	-6,52
1047,13	7,48
1047,37	9,48
1047,61	-11,52
1047,85	-22,52
1048,09	-8,52
1048,33	-16,52
1048,58	12,48
1048,82	-0,52
1049,06	-26,52
1049,30	-17,52
1049,54	-17,52
1049,78	-24,52
1050,02	-0,52
1050,27	-14,52
1050,51	-15,52
1050,75	-18,52
1050,99	-18,52
1051,23	-15,52
1051,47	-4,52
1051,71	-14,52
1051,96	5,48
1052,20	-11,52
1052,44	9,48
1052,68	-9,52
1052,92	-0,52
1053,16	-18,52
1053,40	-25,52
1053,65	-20,52
1053,89	-19,52
1054,13	-9,52
1054,37	-5,52
1054,61	3,48
1054,85	-19,52
1055,09	-20,52
1055,33	17,48
1055,58	-20,52
1055,82	-17,52
1056,06	-5,52
1056,30	-8,52
1056,54	-2,52
1056,78	-7,52
1057,02	6,48
1057,26	9,48
1057,51	-9,52
1057,75	-20,52
1057,99	-32,52
1058,23	-20,52
1058,47	-0,52
1058,71	-21,52
1058,95	-24,52
1059,19	-22,52
1059,43	-12,52
1059,68	-24,52
1059,92	-21,52
1060,16	-12,52
1060,40	-7,52
1060,64	6,48
1060,88	-1,52
1061,12	-3,52
1061,36	-18,52
1061,60	-14,52
1061,84	-8,52
1062,09	-23,52
1062,33	-21,52
1062,57	-10,52
1062,81	-1,52
1063,05	-17,52
1063,29	-28,52
1063,53	-4,52
1063,77	-22,52
1064,01	-6,52
1064,25	6,48
1064,50	-3,52
1064,74	-15,52
1064,98	1,48
1065,22	-2,52
1065,46	-5,52
1065,70	-8,52
1065,94	-8,52
1066,18	-4,52
1066,42	-17,52
1066,66	-8,52
1066,90	-4,52
1067,14	-13,52
1067,39	-26,52
1067,63	-17,52
1067,87	-14,52
1068,11	-0,52
1068,35	-6,52
1068,59	-11,52
1068,83	4,48
1069,07	-21,52
1069,31	-12,52
1069,55	-17,52
1069,79	-5,52
1070,03	-22,52
1070,27	-29,52
1070,52	-16,52
1070,76	-16,52
1071,00	-14,52
1071,24	-13,52
1071,48	1,48
1071,72	-19,52
1071,96	-27,52
1072,20	-36,52
1072,44	-5,52
1072,68	-21,52
1072,92	-13,52
1073,16	-10,52
1073,40	-15,52
1073,64	-4,52
1073,88	-6,52
1074,12	10,48
1074,36	1,48
1074,61	-11,52
1074,85	-1,52
1075,09	63,48
1075,33	2,48
1075,57	-22,52
1075,81	-2,52
1076,05	-1,52
1076,29	-15,52
1076,53	-5,52
1076,77	-10,52
1077,01	4,48
1077,25	-10,52
1077,49	-10,52
1077,73	17,48
1077,97	0,48
1078,21	-24,52
1078,45	-8,52
1078,69	0,48
1078,93	7,48
1079,17	-18,52
1079,41	-8,52
1079,65	-8,52
1079,89	2,48
1080,13	2,48
1080,37	-1,52
1080,61	-27,52
1080,86	-16,52
1081,10	-6,52
1081,34	-8,52
1081,58	-5,52
1081,82	-18,52
1082,06	0,48
1082,30	-4,52
1082,54	-16,52
1082,78	-16,52
1083,02	-2,52
1083,26	0,48
1083,50	-13,52
1083,74	1,48
1083,98	-22,52
1084,22	5,48
1084,46	-21,52
1084,70	-10,52
1084,94	-20,52
1085,18	-13,52
1085,42	-21,52
1085,66	-11,52
1085,90	-6,52
1086,14	1,48
1086,38	-8,52
1086,62	-11,52
1086,86	16,48
1087,10	-13,52
1087,34	-7,52
1087,58	-11,52
1087,82	-14,52
1088,06	-8,52
1088,30	1,48
1088,54	-3,52
1088,78	-28,52
1089,02	-26,52
1089,26	3,48
1089,50	10,48
1089,74	-3,52
1089,98	-13,52
1090,22	-9,52
1090,46	3,48
1090,70	9,48
1090,94	-24,52
1091,18	-10,52
1091,42	-13,52
1091,66	-18,52
1091,90	-4,52
1092,14	-4,52
1092,38	-14,52
1092,62	-14,52
1092,86	-9,52
1093,10	-10,52
1093,34	-26,52
1093,58	-13,52
1093,82	8,48
1094,06	-10,52
1094,30	-8,52
1094,54	-17,52
1094,78	-7,52
1095,01	-7,52
1095,25	0,48
1095,49	3,48
1095,73	-3,52
1095,97	-11,52
1096,21	-22,52
1096,45	8,48
1096,69	-4,52
1096,93	1,48
1097,17	1,48
1097,41	-18,52
1097,65	-36,52
1097,89	-22,52
1098,13	-17,52
1098,37	-14,52
1098,61	-9,52
1098,85	-8,52
1099,09	-2,52
1099,33	-22,52
1099,57	-10,52
1099,81	5,48
1100,05	4,48
1100,29	-6,52
1100,53	-6,52
1100,77	-35,52
1101,00	-8,52
1101,24	-7,52
1101,48	-11,52
1101,72	-21,52
1101,96	-14,52
1102,20	-9,52
1102,44	-10,52
1102,68	-4,52
1102,92	-30,52
1103,16	-27,52
1103,40	0,48
1103,64	-9,52
1103,88	-26,52
1104,12	-2,52
1104,36	-9,52
1104,60	-18,52
1104,84	-14,52
1105,07	-14,52
1105,31	-10,52
1105,55	-23,52
1105,79	-4,52
1106,03	-7,52
1106,27	-15,52
1106,51	-14,52
1106,75	8,48
1106,99	3,48
1107,23	-3,52
1107,47	-16,52
1107,71	-6,52
1107,95	-21,52
1108,18	-21,52
1108,42	2,48
1108,66	-4,52
1108,90	-4,52
1109,14	0,48
1109,38	-18,52
1109,62	-21,52
1109,86	-22,52
1110,10	-14,52
1110,34	-11,52
1110,58	-7,52
1110,82	-5,52
1111,05	15,48
1111,29	8,48
1111,53	-8,52
1111,77	-20,52
1112,01	5,48
1112,25	-16,52
1112,49	-15,52
1112,73	-14,52
1112,97	-7,52
1113,21	-18,52
1113,45	-19,52
1113,68	-16,52
1113,92	-9,52
1114,16	-28,52
1114,40	-24,52
1114,64	-10,52
1114,88	-14,52
1115,12	3,48
1115,36	-7,52
1115,60	-18,52
1115,83	-7,52
1116,07	-7,52
1116,31	-30,52
1116,55	0,48
1116,79	-21,52
1117,03	-20,52
1117,27	-19,52
1117,51	-12,52
1117,75	-11,52
1117,98	-29,52
1118,22	-14,52
1118,46	-3,52
1118,70	-3,52
1118,94	-18,52
1119,18	-13,52
1119,42	-25,52
1119,66	-9,52
1119,89	-5,52
1120,13	3,48
1120,37	0,48
1120,61	-12,52
1120,85	-3,52
1121,09	-0,52
1121,33	-17,52
1121,57	-5,52
1121,80	-27,52
1122,04	7,48
1122,28	3,48
1122,52	-26,52
1122,76	-12,52
1123,00	-9,52
1123,24	5,48
1123,47	-18,52
1123,71	-26,52
