194,53	1163,00
194,80	-168,75
195,07	-168,75
195,34	-134,75
195,61	196,25
195,88	195,25
196,15	166,25
196,42	107,25
196,69	112,25
196,96	248,25
197,23	200,25
197,50	139,25
197,77	166,25
198,04	193,25
198,31	238,25
198,58	182,25
198,85	243,25
199,12	162,25
199,39	134,25
199,66	100,25
199,93	198,25
200,20	253,25
200,47	148,25
200,74	195,25
201,01	192,25
201,28	133,25
201,55	215,25
201,82	125,25
202,09	215,25
202,36	152,25
202,63	140,25
202,90	139,25
203,17	120,25
203,44	146,25
203,71	197,25
203,98	132,25
204,25	190,25
204,52	167,25
204,79	157,25
205,06	186,25
205,33	149,25
205,60	178,25
205,86	115,25
206,13	129,25
206,40	208,25
206,67	212,25
206,94	117,25
207,21	135,25
207,48	162,25
207,75	177,25
208,02	198,25
208,29	155,25
208,56	165,25
208,83	159,25
209,10	101,25
209,37	151,25
209,64	227,25
209,91	190,25
210,18	183,25
210,45	91,25
210,72	138,25
210,99	137,25
211,26	211,25
211,53	248,25
211,80	175,25
212,07	162,25
212,33	187,25
212,60	160,25
212,87	205,25
213,14	130,25
213,41	236,25
213,68	217,25
213,95	169,25
214,22	216,25
214,49	216,25
214,76	187,25
215,03	147,25
215,30	169,25
215,57	123,25
215,84	177,25
216,11	152,25
216,38	206,25
216,65	287,25
216,91	262,25
217,18	207,25
217,45	270,25
217,72	130,25
217,99	167,25
218,26	178,25
218,53	225,25
218,80	211,25
219,07	193,25
219,34	142,25
219,61	224,25
219,88	130,25
220,15	199,25
220,42	157,25
220,68	175,25
220,95	100,25
221,22	117,25
221,49	183,25
221,76	218,25
222,03	162,25
222,30	302,25
222,57	272,25
222,84	176,25
223,11	169,25
223,38	190,25
223,65	148,25
223,92	215,25
224,18	179,25
224,45	136,25
224,72	228,25
224,99	180,25
225,26	260,25
225,53	142,25
225,80	282,25
226,07	232,25
226,34	152,25
226,61	176,25
226,88	176,25
227,14	178,25
227,41	166,25
227,68	201,25
227,95	182,25
228,22	134,25
228,49	208,25
228,76	136,25
229,03	145,25
229,30	161,25
229,57	170,25
229,83	165,25
230,10	167,25
230,37	167,25
230,64	149,25
230,91	125,25
231,18	132,25
231,45	173,25
231,72	178,25
231,99	148,25
232,25	225,25
232,52	215,25
232,79	136,25
233,06	145,25
233,33	205,25
233,60	247,25
233,87	167,25
234,14	115,25
234,41	197,25
234,67	273,25
234,94	156,25
235,21	182,25
235,48	254,25
235,75	172,25
236,02	247,25
236,29	170,25
236,56	225,25
236,82	178,25
237,09	142,25
237,36	114,25
237,63	215,25
237,90	220,25
238,17	164,25
238,44	195,25
238,71	245,25
238,97	243,25
239,24	214,25
239,51	172,25
239,78	195,25
240,05	152,25
240,32	162,25
240,59	95,25
240,86	158,25
241,12	239,25
241,39	237,25
241,66	131,25
241,93	207,25
242,20	163,25
242,47	147,25
242,74	167,25
243,00	218,25
243,27	297,25
243,54	204,25
243,81	137,25
244,08	185,25
244,35	140,25
244,62	175,25
244,88	147,25
245,15	206,25
245,42	199,25
245,69	224,25
245,96	154,25
246,23	214,25
246,50	185,25
246,76	114,25
247,03	157,25
247,30	241,25
247,57	239,25
247,84	221,25
248,11	213,25
248,37	218,25
248,64	176,25
248,91	161,25
249,18	145,25
249,45	133,25
249,72	237,25
249,99	171,25
250,25	127,25
250,52	164,25
250,79	189,25
251,06	216,25
251,33	163,25
251,60	166,25
251,86	209,25
252,13	154,25
252,40	149,25
252,67	241,25
252,94	213,25
253,21	164,25
253,47	200,25
253,74	246,25
254,01	145,25
254,28	142,25
254,55	107,25
254,81	142,25
255,08	196,25
255,35	208,25
255,62	106,25
255,89	201,25
256,16	145,25
256,42	231,25
256,69	157,25
256,96	208,25
257,23	149,25
257,50	128,25
257,76	168,25
258,03	265,25
258,30	261,25
258,57	138,25
258,84	160,25
259,11	245,25
259,37	279,25
259,64	162,25
259,91	145,25
260,18	146,25
260,45	217,25
260,71	223,25
260,98	163,25
261,25	240,25
261,52	313,25
261,79	163,25
262,05	131,25
262,32	257,25
262,59	200,25
262,86	167,25
263,13	106,25
263,39	118,25
263,66	241,25
263,93	267,25
264,20	168,25
264,47	102,25
264,73	181,25
265,00	152,25
265,27	185,25
265,54	230,25
265,81	147,25
266,07	125,25
266,34	167,25
266,61	163,25
266,88	211,25
267,15	210,25
267,41	156,25
267,68	214,25
267,95	188,25
268,22	161,25
268,48	181,25
268,75	138,25
269,02	129,25
269,29	199,25
269,56	139,25
269,82	259,25
270,09	133,25
270,36	176,25
270,63	116,25
270,89	217,25
271,16	204,25
271,43	168,25
271,70	122,25
271,97	141,25
272,23	186,25
272,50	156,25
272,77	116,25
273,04	100,25
273,30	107,25
273,57	201,25
273,84	197,25
274,11	133,25
274,37	187,25
274,64	414,25
274,91	267,25
275,18	229,25
275,45	198,25
275,71	177,25
275,98	262,25
276,25	186,25
276,52	200,25
276,78	241,25
277,05	217,25
277,32	173,25
277,59	152,25
277,85	192,25
278,12	122,25
278,39	150,25
278,66	216,25
278,92	131,25
279,19	151,25
279,46	149,25
279,73	233,25
279,99	184,25
280,26	138,25
280,53	209,25
280,80	262,25
281,06	160,25
281,33	240,25
281,60	117,25
281,87	221,25
282,13	227,25
282,40	180,25
282,67	198,25
282,94	151,25
283,20	163,25
283,47	134,25
283,74	219,25
284,01	230,25
284,27	168,25
284,54	278,25
284,81	225,25
285,07	200,25
285,34	231,25
285,61	255,25
285,88	183,25
286,14	220,25
286,41	197,25
286,68	132,25
286,95	169,25
287,21	206,25
287,48	245,25
287,75	182,25
288,02	179,25
288,28	154,25
288,55	222,25
288,82	157,25
289,08	192,25
289,35	190,25
289,62	224,25
289,89	98,25
290,15	184,25
290,42	483,25
290,69	280,25
290,95	216,25
291,22	160,25
291,49	210,25
291,76	273,25
292,02	238,25
292,29	208,25
292,56	126,25
292,82	156,25
293,09	183,25
293,36	138,25
293,63	248,25
293,89	173,25
294,16	260,25
294,43	242,25
294,69	200,25
294,96	136,25
295,23	136,25
295,50	146,25
295,76	236,25
296,03	159,25
296,30	152,25
296,56	190,25
296,83	273,25
297,10	263,25
297,36	181,25
297,63	186,25
297,90	201,25
298,16	188,25
298,43	233,25
298,70	96,25
298,97	209,25
299,23	187,25
299,50	205,25
299,77	219,25
300,03	245,25
300,30	265,25
300,57	105,25
300,83	193,25
301,10	179,25
301,37	141,25
301,63	119,25
301,90	222,25
302,17	240,25
302,44	322,25
302,70	247,25
302,97	176,25
303,24	149,25
303,50	184,25
303,77	219,25
304,04	155,25
304,30	193,25
304,57	226,25
304,84	221,25
305,10	263,25
305,37	172,25
305,64	109,25
305,90	189,25
306,17	218,25
306,44	237,25
306,70	174,25
306,97	140,25
307,24	215,25
307,50	153,25
307,77	206,25
308,04	270,25
308,30	144,25
308,57	119,25
308,84	195,25
309,10	195,25
309,37	182,25
309,64	140,25
309,90	206,25
310,17	210,25
310,44	215,25
310,70	150,25
310,97	129,25
311,24	193,25
311,50	208,25
311,77	147,25
312,04	184,25
312,30	159,25
312,57	244,25
312,84	206,25
313,10	150,25
313,37	189,25
313,63	212,25
313,90	224,25
314,17	176,25
314,43	169,25
314,70	231,25
314,97	191,25
315,23	147,25
315,50	146,25
315,77	200,25
316,03	160,25
316,30	149,25
316,57	95,25
316,83	157,25
317,10	166,25
317,36	146,25
317,63	202,25
317,90	132,25
318,16	195,25
318,43	193,25
318,70	236,25
318,96	232,25
319,23	168,25
319,50	148,25
319,76	160,25
320,03	133,25
320,29	206,25
320,56	274,25
320,83	178,25
321,09	239,25
321,36	164,25
321,63	175,25
321,89	151,25
322,16	238,25
322,42	284,25
322,69	289,25
322,96	230,25
323,22	188,25
323,49	198,25
323,76	131,25
324,02	118,25
324,29	190,25
324,55	227,25
324,82	220,25
325,09	182,25
325,35	176,25
325,62	204,25
325,88	140,25
326,15	186,25
326,42	264,25
326,68	209,25
326,95	259,25
327,21	253,25
327,48	274,25
327,75	164,25
328,01	251,25
328,28	194,25
328,55	247,25
328,81	272,25
329,08	187,25
329,34	156,25
329,61	185,25
329,88	252,25
330,14	291,25
330,41	235,25
330,67	240,25
330,94	297,25
331,21	270,25
331,47	275,25
331,74	256,25
332,00	278,25
332,27	249,25
332,53	211,25
332,80	299,25
333,07	286,25
333,33	211,25
333,60	200,25
333,86	259,25
334,13	224,25
334,40	230,25
334,66	226,25
334,93	247,25
335,19	272,25
335,46	269,25
335,73	242,25
335,99	243,25
336,26	299,25
336,52	216,25
336,79	236,25
337,05	300,25
337,32	346,25
337,59	255,25
337,85	228,25
338,12	304,25
338,38	353,25
338,65	270,25
338,91	286,25
339,18	329,25
339,45	335,25
339,71	297,25
339,98	305,25
340,24	315,25
340,51	285,25
340,77	296,25
341,04	260,25
341,31	332,25
341,57	381,25
341,84	319,25
342,10	296,25
342,37	327,25
342,63	343,25
342,90	278,25
343,17	242,25
343,43	337,25
343,70	286,25
343,96	349,25
344,23	298,25
344,49	334,25
344,76	373,25
345,02	318,25
345,29	278,25
345,56	343,25
345,82	336,25
346,09	261,25
346,35	241,25
346,62	333,25
346,88	318,25
347,15	277,25
347,41	301,25
347,68	370,25
347,94	362,25
348,21	377,25
348,48	371,25
348,74	383,25
349,01	386,25
349,27	432,25
349,54	410,25
349,80	432,25
350,07	409,25
350,33	317,25
350,60	367,25
350,86	426,25
351,13	414,25
351,39	337,25
351,66	366,25
351,93	388,25
352,19	400,25
352,46	397,25
352,72	361,25
352,99	386,25
353,25	422,25
353,52	430,25
353,78	391,25
354,05	453,25
354,31	432,25
354,58	373,25
354,84	385,25
355,11	438,25
355,37	429,25
355,64	361,25
355,90	421,25
356,17	419,25
356,43	426,25
356,70	360,25
356,97	344,25
357,23	435,25
357,50	393,25
357,76	313,25
358,03	361,25
358,29	419,25
358,56	421,25
358,82	514,25
359,09	436,25
359,35	449,25
359,62	527,25
359,88	378,25
360,15	439,25
360,41	415,25
360,68	449,25
360,94	465,25
361,21	399,25
361,47	450,25
361,74	546,25
362,00	451,25
362,27	487,25
362,53	470,25
362,80	517,25
363,06	426,25
363,33	491,25
363,59	457,25
363,86	515,25
364,12	569,25
364,39	508,25
364,65	555,25
364,92	554,25
365,18	596,25
365,45	558,25
365,71	491,25
365,98	545,25
366,24	611,25
366,51	494,25
366,77	496,25
367,04	555,25
367,30	529,25
367,57	512,25
367,83	549,25
368,10	630,25
368,36	504,25
368,63	565,25
368,89	561,25
369,15	574,25
369,42	581,25
369,68	576,25
369,95	549,25
370,21	549,25
370,48	518,25
370,74	510,25
371,01	552,25
371,27	501,25
371,54	494,25
371,80	491,25
372,07	494,25
372,33	549,25
372,60	488,25
372,86	445,25
373,13	510,25
373,39	537,25
373,66	457,25
373,92	497,25
374,18	536,25
374,45	569,25
374,71	572,25
374,98	585,25
375,24	645,25
375,51	615,25
375,77	617,25
376,04	589,25
376,30	680,25
376,57	691,25
376,83	688,25
377,10	681,25
377,36	786,25
377,62	684,25
377,89	689,25
378,15	650,25
378,42	625,25
378,68	672,25
378,95	620,25
379,21	675,25
379,48	659,25
379,74	657,25
380,00	748,25
380,27	612,25
380,53	655,25
380,80	604,25
381,06	571,25
381,33	563,25
381,59	580,25
381,86	575,25
382,12	521,25
382,38	477,25
382,65	541,25
382,91	561,25
383,18	546,25
383,44	609,25
383,71	625,25
383,97	624,25
384,24	697,25
384,50	663,25
384,76	641,25
385,03	667,25
385,29	663,25
385,56	636,25
385,82	756,25
386,09	717,25
386,35	760,25
386,61	696,25
386,88	716,25
387,14	709,25
387,41	667,25
387,67	706,25
387,94	743,25
388,20	755,25
388,46	825,25
388,73	829,25
388,99	934,25
389,26	867,25
389,52	824,25
389,78	823,25
390,05	855,25
390,31	910,25
390,58	889,25
390,84	898,25
391,11	867,25
391,37	872,25
391,63	733,25
391,90	619,25
392,16	654,25
392,43	646,25
392,69	686,25
392,95	777,25
393,22	794,25
393,48	888,25
393,75	893,25
394,01	962,25
394,27	1057,25
394,54	982,25
394,80	953,25
395,07	980,25
395,33	913,25
395,59	821,25
395,86	776,25
396,12	893,25
396,39	963,25
396,65	1024,25
396,91	1148,25
397,18	1299,25
397,44	1359,25
397,71	1436,25
397,97	1453,25
398,23	1463,25
398,50	1514,25
398,76	1572,25
399,03	1571,25
399,29	1537,25
399,55	1765,25
399,82	1721,25
400,08	1701,25
400,34	1805,25
400,61	1740,25
400,87	1794,25
401,14	1765,25
401,40	1804,25
401,66	1899,25
401,93	1855,25
402,19	1780,25
402,46	1853,25
402,72	1856,25
402,98	1905,25
403,25	1851,25
403,51	1879,25
403,77	1884,25
404,04	1901,25
404,30	1897,25
404,57	1919,25
404,83	1952,25
405,09	1909,25
405,36	1937,25
405,62	1924,25
405,88	1889,25
406,15	1933,25
406,41	2038,25
406,67	1962,25
406,94	2095,25
407,20	2158,25
407,47	2171,25
407,73	2100,25
407,99	2166,25
408,26	2172,25
408,52	2088,25
408,78	2162,25
409,05	2116,25
409,31	2131,25
409,57	2093,25
409,84	2084,25
410,10	2293,25
410,37	2364,25
410,63	2336,25
410,89	2349,25
411,16	2458,25
411,42	2410,25
411,68	2377,25
411,95	2356,25
412,21	2411,25
412,47	2309,25
412,74	2460,25
413,00	2370,25
413,26	2448,25
413,53	2483,25
413,79	2440,25
414,05	2472,25
414,32	2410,25
414,58	2489,25
414,84	2439,25
415,11	2492,25
415,37	2599,25
415,63	2561,25
415,90	2483,25
416,16	2503,25
416,42	2451,25
416,69	2420,25
416,95	2412,25
417,21	2454,25
417,48	2544,25
417,74	2531,25
418,00	2582,25
418,27	2580,25
418,53	2666,25
418,79	2617,25
419,06	2564,25
419,32	2511,25
419,58	2703,25
419,85	2714,25
420,11	2765,25
420,37	2667,25
420,64	2743,25
420,90	2746,25
421,16	2682,25
421,43	2554,25
421,69	2594,25
421,95	2619,25
422,22	2690,25
422,48	2721,25
422,74	2756,25
423,01	2779,25
423,27	2822,25
423,53	2739,25
423,79	2787,25
424,06	2778,25
424,32	2758,25
424,58	2765,25
424,85	2772,25
425,11	2870,25
425,37	2821,25
425,64	2865,25
425,90	2773,25
426,16	2803,25
426,43	2712,25
426,69	2742,25
426,95	2837,25
427,21	2824,25
427,48	2873,25
427,74	2705,25
428,00	2787,25
428,27	2641,25
428,53	2655,25
428,79	2495,25
429,06	2360,25
429,32	2345,25
429,58	2335,25
429,84	2413,25
430,11	2653,25
430,37	2831,25
430,63	3058,25
430,90	3054,25
431,16	3055,25
431,42	3075,25
431,68	3142,25
431,95	3086,25
432,21	3185,25
432,47	3181,25
432,74	3078,25
433,00	3030,25
433,26	3153,25
433,52	3230,25
433,79	3254,25
434,05	3349,25
434,31	3353,25
434,58	3317,25
434,84	3388,25
435,10	3458,25
435,36	3508,25
435,63	3484,25
435,89	3467,25
436,15	3311,25
436,41	3495,25
436,68	3469,25
436,94	3301,25
437,20	3187,25
437,47	3293,25
437,73	3353,25
437,99	3328,25
438,25	3349,25
438,52	3595,25
438,78	3504,25
439,04	3601,25
439,30	3429,25
439,57	3539,25
439,83	3617,25
440,09	3631,25
440,35	3631,25
440,62	3791,25
440,88	3971,25
441,14	3781,25
441,41	3710,25
441,67	3812,25
441,93	3857,25
442,19	3817,25
442,46	3832,25
442,72	3843,25
442,98	3917,25
443,24	3876,25
443,51	3873,25
443,77	3885,25
444,03	3877,25
444,29	3815,25
444,56	3805,25
444,82	3769,25
445,08	3740,25
445,34	3810,25
445,61	4016,25
445,87	4070,25
446,13	4154,25
446,39	4161,25
446,65	4082,25
446,92	4201,25
447,18	4221,25
447,44	4186,25
447,70	4172,25
447,97	4166,25
448,23	4223,25
448,49	4159,25
448,75	4368,25
449,02	4493,25
449,28	4529,25
449,54	4502,25
449,80	4473,25
450,07	4400,25
450,33	4449,25
450,59	4522,25
450,85	4552,25
451,11	4457,25
451,38	4485,25
451,64	4218,25
451,90	4226,25
452,16	4343,25
452,43	4431,25
452,69	4506,25
452,95	4494,25
453,21	4628,25
453,47	4604,25
453,74	4637,25
454,00	4637,25
454,26	4628,25
454,52	4621,25
454,79	4837,25
455,05	4736,25
455,31	4689,25
455,57	4704,25
455,83	4794,25
456,10	4930,25
456,36	4889,25
456,62	4862,25
456,88	4789,25
457,14	4841,25
457,41	4911,25
457,67	4788,25
457,93	4860,25
458,19	4886,25
458,45	4914,25
458,72	5031,25
458,98	4883,25
459,24	4925,25
459,50	5017,25
459,76	5078,25
460,03	5091,25
460,29	5255,25
460,55	5150,25
460,81	5296,25
461,07	5390,25
461,34	5246,25
461,60	5328,25
461,86	5318,25
462,12	5354,25
462,38	5287,25
462,65	5401,25
462,91	5331,25
463,17	5223,25
463,43	5179,25
463,69	5297,25
463,96	5352,25
464,22	5280,25
464,48	5343,25
464,74	5404,25
465,00	5509,25
465,26	5365,25
465,53	5377,25
465,79	5454,25
466,05	5376,25
466,31	5603,25
466,57	5576,25
466,84	5623,25
467,10	5731,25
467,36	5747,25
467,62	5780,25
467,88	5820,25
468,14	5852,25
468,41	5847,25
468,67	5747,25
468,93	5714,25
469,19	5796,25
469,45	5882,25
469,71	5945,25
469,98	6106,25
470,24	6230,25
470,50	6305,25
470,76	6357,25
471,02	6612,25
471,28	6505,25
471,55	6523,25
471,81	6476,25
472,07	8876,25
472,33	6929,25
472,59	6833,25
472,85	6681,25
473,12	6797,25
473,38	6996,25
473,64	7009,25
473,90	7004,25
474,16	7072,25
474,42	7186,25
474,68	7195,25
474,95	7262,25
475,21	7276,25
475,47	7290,25
475,73	7395,25
475,99	7464,25
476,25	7638,25
476,52	7775,25
476,78	7842,25
477,04	7964,25
477,30	7995,25
477,56	7939,25
477,82	8084,25
478,08	8245,25
478,35	8384,25
478,61	8326,25
478,87	8433,25
479,13	8405,25
479,39	8679,25
479,65	8728,25
479,91	8771,25
480,17	8850,25
480,44	9002,25
480,70	8987,25
480,96	9006,25
481,22	9016,25
481,48	9149,25
481,74	9007,25
482,00	9107,25
482,27	9172,25
482,53	9084,25
482,79	9105,25
483,05	9215,25
483,31	9103,25
483,57	9137,25
483,83	9104,25
484,09	8873,25
484,36	8676,25
484,62	8429,25
484,88	8256,25
485,14	8365,25
485,40	8550,25
485,66	8800,25
485,92	8935,25
486,18	9335,25
486,44	9485,25
486,71	9602,25
486,97	9766,25
487,23	9835,25
487,49	9798,25
487,75	9889,25
488,01	10039,25
488,27	10243,25
488,53	10515,25
488,79	10410,25
489,06	10544,25
489,32	10529,25
489,58	10568,25
489,84	10503,25
490,10	10450,25
490,36	10397,25
490,62	10264,25
490,88	10343,25
491,14	10374,25
491,40	10628,25
491,67	10638,25
491,93	10869,25
492,19	10841,25
492,45	10912,25
492,71	10945,25
492,97	11036,25
493,23	11223,25
493,49	11231,25
493,75	11453,25
494,01	11316,25
494,28	11218,25
494,54	11302,25
494,80	11203,25
495,06	11383,25
495,32	11401,25
495,58	11434,25
495,84	11414,25
496,10	11472,25
496,36	11443,25
496,62	11475,25
496,88	11234,25
497,14	11237,25
497,41	11233,25
497,67	11373,25
497,93	11374,25
498,19	11484,25
498,45	11483,25
498,71	11224,25
498,97	11250,25
499,23	11106,25
499,49	11101,25
499,75	11027,25
500,01	11087,25
500,27	11005,25
500,53	11017,25
500,80	11175,25
501,06	11095,25
501,32	11267,25
501,58	11288,25
501,84	11361,25
502,10	11293,25
502,36	11173,25
502,62	11081,25
502,88	11135,25
503,14	11251,25
503,40	11430,25
503,66	11623,25
503,92	11655,25
504,18	11998,25
504,44	11892,25
504,70	11998,25
504,97	11952,25
505,23	11800,25
505,49	11749,25
505,75	11698,25
506,01	11604,25
506,27	11625,25
506,53	11670,25
506,79	11643,25
507,05	11728,25
507,31	11856,25
507,57	12296,25
507,83	12105,25
508,09	12017,25
508,35	12009,25
508,61	12029,25
508,87	12034,25
509,13	12168,25
509,39	12114,25
509,65	12112,25
509,91	12286,25
510,17	12174,25
510,43	12287,25
510,70	12352,25
510,96	12292,25
511,22	12221,25
511,48	12191,25
511,74	12123,25
512,00	12132,25
512,26	11982,25
512,52	12101,25
512,78	12088,25
513,04	12054,25
513,30	12040,25
513,56	12122,25
513,82	12156,25
514,08	12135,25
514,34	12208,25
514,60	12037,25
514,86	11792,25
515,12	11605,25
515,38	11193,25
515,64	11060,25
515,90	10940,25
516,16	11219,25
516,42	11378,25
516,68	11578,25
516,94	11622,25
517,20	11761,25
517,46	11744,25
517,72	11958,25
517,98	12258,25
518,24	12403,25
518,50	12540,25
518,76	12611,25
519,02	12611,25
519,28	12528,25
519,54	12732,25
519,80	12703,25
520,06	12836,25
520,32	12899,25
520,58	12908,25
520,84	12864,25
521,10	12833,25
521,36	12807,25
521,62	12736,25
521,88	12830,25
522,14	13123,25
522,40	13165,25
522,66	13279,25
522,92	13439,25
523,18	13357,25
523,44	13465,25
523,70	13387,25
523,96	13269,25
524,22	13284,25
524,48	13119,25
524,74	13033,25
525,00	12774,25
525,26	12567,25
525,52	12503,25
525,78	12595,25
526,04	12799,25
526,30	12990,25
526,56	13176,25
526,82	13465,25
527,08	13507,25
527,34	13785,25
527,60	13887,25
527,86	13757,25
528,12	13907,25
528,38	13821,25
528,64	13695,25
528,90	13928,25
529,16	14093,25
529,42	14015,25
529,68	14118,25
529,94	14119,25
530,20	13998,25
530,46	13936,25
530,72	13772,25
530,98	13658,25
531,24	13560,25
531,50	13524,25
531,76	13590,25
532,02	13652,25
532,28	13754,25
532,54	13917,25
532,80	13948,25
533,06	14067,25
533,32	13982,25
533,58	14076,25
533,84	14129,25
534,10	14307,25
534,35	14307,25
534,61	14338,25
534,87	14340,25
535,13	14086,25
535,39	14019,25
535,65	13862,25
535,91	13950,25
536,17	13951,25
536,43	14242,25
536,69	14272,25
536,95	14159,25
537,21	14184,25
537,47	14142,25
537,73	14001,25
537,99	13984,25
538,25	13834,25
538,51	13697,25
538,77	13610,25
539,03	13554,25
539,29	13525,25
539,55	13513,25
539,80	13583,25
540,06	13806,25
540,32	13800,25
540,58	13924,25
540,84	13839,25
541,10	13875,25
541,36	13970,25
541,62	14006,25
541,88	13958,25
542,14	13890,25
542,40	14130,25
542,66	14075,25
542,92	14125,25
543,18	14228,25
543,44	14084,25
543,70	14135,25
543,95	14108,25
544,21	14086,25
544,47	14159,25
544,73	14158,25
544,99	14270,25
545,25	14229,25
545,51	14227,25
545,77	14275,25
546,03	14109,25
546,29	14094,25
546,55	14168,25
546,81	14067,25
547,07	14236,25
547,32	14337,25
547,58	14360,25
547,84	14404,25
548,10	14377,25
548,36	14366,25
548,62	14310,25
548,88	14288,25
549,14	14313,25
549,40	14281,25
549,66	14359,25
549,92	14381,25
550,18	14339,25
550,43	14430,25
550,69	14509,25
550,95	14453,25
551,21	14335,25
551,47	14297,25
551,73	14353,25
551,99	14380,25
552,25	14362,25
552,51	14479,25
552,77	14343,25
553,03	14505,25
553,28	14471,25
553,54	14484,25
553,80	14492,25
554,06	14523,25
554,32	14436,25
554,58	14275,25
554,84	14375,25
555,10	14169,25
555,36	14126,25
555,61	14221,25
555,87	14032,25
556,13	14111,25
556,39	14061,25
556,65	14006,25
556,91	14002,25
557,17	13846,25
557,43	13856,25
557,69	13895,25
557,94	13840,25
558,20	13937,25
558,46	13815,25
558,72	14022,25
558,98	14089,25
559,24	13991,25
559,50	14082,25
559,76	14116,25
560,02	14090,25
560,27	14047,25
560,53	14073,25
560,79	13960,25
561,05	14098,25
561,31	14055,25
561,57	14171,25
561,83	14087,25
562,09	14121,25
562,34	14032,25
562,60	14023,25
562,86	13987,25
563,12	13978,25
563,38	14095,25
563,64	13965,25
563,90	13853,25
564,15	13714,25
564,41	13623,25
564,67	13655,25
564,93	13821,25
565,19	13721,25
565,45	13866,25
565,71	13794,25
565,97	13841,25
566,22	13754,25
566,48	13775,25
566,74	13443,25
567,00	13440,25
567,26	13361,25
567,52	13325,25
567,78	13309,25
568,03	13371,25
568,29	13243,25
568,55	13261,25
568,81	13301,25
569,07	13234,25
569,33	13212,25
569,58	13105,25
569,84	13188,25
570,10	13292,25
570,36	13380,25
570,62	13458,25
570,88	13534,25
571,14	13597,25
571,39	13648,25
571,65	13533,25
571,91	13484,25
572,17	13551,25
572,43	13531,25
572,69	13504,25
572,94	13417,25
573,20	13330,25
573,46	13252,25
573,72	13307,25
573,98	13285,25
574,24	13148,25
574,49	13222,25
574,75	13281,25
575,01	13341,25
575,27	13454,25
575,53	13358,25
575,79	13468,25
576,04	13450,25
576,30	13271,25
576,56	13239,25
576,82	13217,25
577,08	13334,25
577,33	13268,25
577,59	13309,25
577,85	13488,25
578,11	13501,25
578,37	13578,25
578,63	13631,25
578,88	13467,25
579,14	13629,25
579,40	13479,25
579,66	13615,25
579,92	13601,25
580,17	13664,25
580,43	13672,25
580,69	13765,25
580,95	13842,25
581,21	13810,25
581,47	13817,25
581,72	13844,25
581,98	13705,25
582,24	13737,25
582,50	13783,25
582,76	13859,25
583,01	13660,25
583,27	13678,25
583,53	13637,25
583,79	13569,25
584,05	13374,25
584,30	13340,25
584,56	13360,25
584,82	13282,25
585,08	13225,25
585,34	13221,25
585,59	13160,25
585,85	12957,25
586,11	12769,25
586,37	12442,25
586,63	12147,25
586,88	11809,25
587,14	11556,25
587,40	10950,25
587,66	10734,25
587,91	10549,25
588,17	10582,25
588,43	10808,25
588,69	11066,25
588,95	11241,25
589,20	11665,25
589,46	11673,25
589,72	11633,25
589,98	11633,25
590,24	11510,25
590,49	11665,25
590,75	11699,25
591,01	11781,25
591,27	11922,25
591,52	12049,25
591,78	12078,25
592,04	12077,25
592,30	11977,25
592,55	11763,25
592,81	11612,25
593,07	11521,25
593,33	11466,25
593,59	11619,25
593,84	11767,25
594,10	11957,25
594,36	12112,25
594,62	12121,25
594,87	12283,25
595,13	12192,25
595,39	12249,25
595,65	12140,25
595,90	12292,25
596,16	12241,25
596,42	12345,25
596,68	12319,25
596,93	12465,25
597,19	12292,25
597,45	12430,25
597,71	12541,25
597,97	12560,25
598,22	12582,25
598,48	12601,25
598,74	12623,25
599,00	12712,25
599,25	12631,25
599,51	12589,25
599,77	12580,25
600,03	12689,25
600,28	12631,25
600,54	12656,25
600,80	12582,25
601,05	12746,25
601,31	12825,25
601,57	12878,25
601,83	12975,25
602,08	12939,25
602,34	12969,25
602,60	12867,25
602,86	12975,25
603,11	12873,25
603,37	12941,25
603,63	12817,25
603,89	12915,25
604,14	12784,25
604,40	12803,25
604,66	12835,25
604,92	12816,25
605,17	12782,25
605,43	12677,25
605,69	12677,25
605,94	12733,25
606,20	12614,25
606,46	12678,25
606,72	12499,25
606,97	12550,25
607,23	12516,25
607,49	12391,25
607,75	12420,25
608,00	12407,25
608,26	12306,25
608,52	12302,25
608,77	12342,25
609,03	12302,25
609,29	12320,25
609,55	12338,25
609,80	12423,25
610,06	12278,25
610,32	12351,25
610,57	12238,25
610,83	12038,25
611,09	12096,25
611,35	12172,25
611,60	12119,25
611,86	12018,25
612,12	11980,25
612,37	12064,25
612,63	11922,25
612,89	12094,25
613,15	12071,25
613,40	12195,25
613,66	11970,25
613,92	11926,25
614,17	11955,25
614,43	11675,25
614,69	11654,25
614,94	11582,25
615,20	11675,25
615,46	11704,25
615,72	11775,25
615,97	11797,25
616,23	11852,25
616,49	11989,25
616,74	11936,25
617,00	11871,25
617,26	11975,25
617,51	12057,25
617,77	11830,25
618,03	11961,25
618,28	11910,25
618,54	12001,25
618,80	11960,25
619,05	12092,25
619,31	12079,25
619,57	11956,25
619,83	11937,25
620,08	11780,25
620,34	11712,25
620,60	11601,25
620,85	11762,25
621,11	11707,25
621,37	11675,25
621,62	11602,25
621,88	11496,25
622,14	11500,25
622,39	11596,25
622,65	11556,25
622,91	11392,25
623,16	11269,25
623,42	11399,25
623,68	11346,25
623,93	11231,25
624,19	11268,25
624,45	11347,25
624,70	11308,25
624,96	11362,25
625,22	11280,25
625,47	11202,25
625,73	10986,25
625,99	11002,25
626,24	10759,25
626,50	10762,25
626,76	10665,25
627,01	10862,25
627,27	10829,25
627,53	10967,25
627,78	10895,25
628,04	10866,25
628,30	10772,25
628,55	10914,25
628,81	10894,25
629,07	10965,25
629,32	11045,25
629,58	10982,25
629,83	10960,25
630,09	10899,25
630,35	10890,25
630,60	10874,25
630,86	10969,25
631,12	10950,25
631,37	11050,25
631,63	11203,25
631,89	11036,25
632,14	11088,25
632,40	11016,25
632,66	11115,25
632,91	11141,25
633,17	11036,25
633,42	11040,25
633,68	11205,25
633,94	11109,25
634,19	12543,25
634,45	11334,25
634,71	11184,25
634,96	11015,25
635,22	11158,25
635,48	11094,25
635,73	11268,25
635,99	11245,25
636,24	11193,25
636,50	11210,25
636,76	11234,25
637,01	11102,25
637,27	11181,25
637,53	11232,25
637,78	11166,25
638,04	11115,25
638,29	10972,25
638,55	11121,25
638,81	10870,25
639,06	10861,25
639,32	10822,25
639,57	10792,25
639,83	10839,25
640,09	10827,25
640,34	10820,25
640,60	10899,25
640,86	10884,25
641,11	11002,25
641,37	10915,25
641,62	10842,25
641,88	10925,25
642,14	10760,25
642,39	10758,25
642,65	10731,25
642,90	10694,25
643,16	10670,25
643,42	10495,25
643,67	10388,25
643,93	10332,25
644,18	10252,25
644,44	10015,25
644,70	9879,25
644,95	9826,25
645,21	9623,25
645,46	9540,25
645,72	9527,25
645,98	9424,25
646,23	9235,25
646,49	9221,25
646,74	9305,25
647,00	9260,25
647,26	9378,25
647,51	9350,25
647,77	9354,25
648,02	9375,25
648,28	9577,25
648,54	9685,25
648,79	9921,25
649,05	9937,25
649,30	9850,25
649,56	9791,25
649,81	9539,25
650,07	9444,25
650,33	9361,25
650,58	9418,25
650,84	9614,25
651,09	9796,25
651,35	9919,25
651,60	9950,25
651,86	9788,25
652,12	9901,25
652,37	9754,25
652,63	9709,25
652,88	9608,25
653,14	9390,25
653,39	9244,25
653,65	9011,25
653,91	8818,25
654,16	8615,25
654,42	8345,25
654,67	8225,25
654,93	8289,25
655,18	8387,25
655,44	8675,25
655,70	9116,25
655,95	9302,25
656,21	9420,25
656,46	9484,25
656,72	9570,25
656,97	9564,25
657,23	9681,25
657,49	9802,25
657,74	9691,25
658,00	9721,25
658,25	9721,25
658,51	9727,25
658,76	9862,25
659,02	9851,25
659,27	9866,25
659,53	9869,25
659,78	9854,25
660,04	9989,25
660,30	9954,25
660,55	10010,25
660,81	9959,25
661,06	9923,25
661,32	9958,25
661,57	9868,25
661,83	9720,25
662,08	9717,25
662,34	9742,25
662,59	9819,25
662,85	9749,25
663,11	9669,25
663,36	9781,25
663,62	9749,25
663,87	9801,25
664,13	9748,25
664,38	9730,25
664,64	9686,25
664,89	9590,25
665,15	9748,25
665,40	9601,25
665,66	9582,25
665,91	9618,25
666,17	9710,25
666,42	9597,25
666,68	9615,25
666,93	9596,25
667,19	9619,25
667,45	9543,25
667,70	9514,25
667,96	9467,25
668,21	9428,25
668,47	9406,25
668,72	9359,25
668,98	9376,25
669,23	9408,25
669,49	9376,25
669,74	9329,25
670,00	9201,25
670,25	9147,25
670,51	9289,25
670,76	9307,25
671,02	9217,25
671,27	9314,25
671,53	9210,25
671,78	9214,25
672,04	9294,25
672,29	9216,25
672,55	9244,25
672,80	9180,25
673,06	9159,25
673,31	9120,25
673,57	9128,25
673,82	9053,25
674,08	9120,25
674,33	9027,25
674,59	9107,25
674,84	9060,25
675,10	9029,25
675,35	9021,25
675,61	9179,25
675,86	9128,25
676,12	9038,25
676,37	8964,25
676,63	8995,25
676,88	8990,25
677,14	8994,25
677,39	8934,25
677,65	8951,25
677,90	8868,25
678,16	8904,25
678,41	8936,25
678,67	8920,25
678,92	8864,25
679,18	8817,25
679,43	8890,25
679,69	8770,25
679,94	8790,25
680,20	8818,25
680,45	8806,25
680,71	8773,25
680,96	8885,25
681,21	8692,25
681,47	8704,25
681,72	8658,25
681,98	8681,25
682,23	8575,25
682,49	8568,25
682,74	8500,25
683,00	8564,25
683,25	8540,25
683,51	8471,25
683,76	8413,25
684,02	8268,25
684,27	8191,25
684,53	7896,25
684,78	7540,25
685,04	7146,25
685,29	6653,25
685,54	6231,25
685,80	6072,25
686,05	6222,25
686,31	6519,25
686,56	6815,25
686,82	7013,25
687,07	6984,25
687,33	7133,25
687,58	7022,25
687,84	6984,25
688,09	7072,25
688,34	7177,25
688,60	7280,25
688,85	7226,25
689,11	7287,25
689,36	7334,25
689,62	7432,25
689,87	7396,25
690,13	7385,25
690,38	7334,25
690,64	7246,25
690,89	7141,25
691,14	6984,25
691,40	6778,25
691,65	6771,25
691,91	6691,25
692,16	6618,25
692,42	6645,25
692,67	6679,25
692,92	6664,25
693,18	6727,25
693,43	6837,25
693,69	6934,25
693,94	7011,25
694,20	7157,25
694,45	7372,25
694,71	7531,25
694,96	7648,25
695,21	7821,25
695,47	7872,25
695,72	7907,25
695,98	7788,25
696,23	7735,25
696,48	7724,25
696,74	7540,25
696,99	7370,25
697,25	7184,25
697,50	7292,25
697,76	7106,25
698,01	7106,25
698,26	7045,25
698,52	7064,25
698,77	7094,25
699,03	7007,25
699,28	7046,25
699,54	7101,25
699,79	7173,25
700,04	7205,25
700,30	7228,25
700,55	7260,25
700,81	7284,25
701,06	7376,25
701,31	7481,25
701,57	7734,25
701,82	7884,25
702,08	7936,25
702,33	7898,25
702,58	7870,25
702,84	7881,25
703,09	8001,25
703,35	7865,25
703,60	7912,25
703,85	7882,25
704,11	7868,25
704,36	7960,25
704,62	7997,25
704,87	8144,25
705,12	8114,25
705,38	8162,25
705,63	8246,25
705,89	8260,25
706,14	8250,25
706,39	8268,25
706,65	8317,25
706,90	8463,25
707,16	8364,25
707,41	8416,25
707,66	8518,25
707,92	8530,25
708,17	8398,25
708,42	8481,25
708,68	8553,25
708,93	8614,25
709,19	8598,25
709,44	8638,25
709,69	8768,25
709,95	8709,25
710,20	8708,25
710,46	8803,25
710,71	8605,25
710,96	8800,25
711,22	8775,25
711,47	8689,25
711,72	8675,25
711,98	8660,25
712,23	8747,25
712,48	8595,25
712,74	8553,25
712,99	8458,25
713,25	8324,25
713,50	8230,25
713,75	8138,25
714,01	7928,25
714,26	7659,25
714,51	7346,25
714,77	6875,25
715,02	6329,25
715,28	5848,25
715,53	5490,25
715,78	5245,25
716,04	5089,25
716,29	5026,25
716,54	5062,25
716,80	5020,25
717,05	4928,25
717,30	4791,25
717,56	4681,25
717,81	4792,25
718,06	4696,25
718,32	4736,25
718,57	5014,25
718,82	5286,25
719,08	5724,25
719,33	6126,25
719,58	6694,25
719,84	7259,25
720,09	7282,25
720,35	7451,25
720,60	7329,25
720,85	7265,25
721,11	6937,25
721,36	6633,25
721,61	6303,25
721,87	5954,25
722,12	5812,25
722,37	5647,25
722,63	5674,25
722,88	5758,25
723,13	5834,25
723,39	5673,25
723,64	5804,25
723,89	5776,25
724,15	5868,25
724,40	5959,25
724,65	5949,25
724,91	6001,25
725,16	5964,25
725,41	5930,25
725,67	5913,25
725,92	6105,25
726,17	6038,25
726,42	5991,25
726,68	6072,25
726,93	6201,25
727,18	6282,25
727,44	6118,25
727,69	6048,25
727,94	6146,25
728,20	6152,25
728,45	6280,25
728,70	6348,25
728,96	6329,25
729,21	6311,25
729,46	6444,25
729,72	6584,25
729,97	6909,25
730,22	7151,25
730,48	7395,25
730,73	7715,25
730,98	8071,25
731,23	8354,25
731,49	8380,25
731,74	8440,25
731,99	8577,25
732,25	8801,25
732,50	8936,25
732,75	8801,25
733,01	8914,25
733,26	8844,25
733,51	8590,25
733,76	8566,25
734,02	8633,25
734,27	8608,25
734,52	8504,25
734,78	8629,25
735,03	8749,25
735,28	8826,25
735,54	8982,25
735,79	9192,25
736,04	9238,25
736,29	9216,25
736,55	9285,25
736,80	9215,25
737,05	9271,25
737,31	9311,25
737,56	9388,25
737,81	9486,25
738,06	9649,25
738,32	9757,25
738,57	9773,25
738,82	9878,25
739,07	9927,25
739,33	10007,25
739,58	9989,25
739,83	10030,25
740,09	10154,25
740,34	10166,25
740,59	10229,25
740,84	10285,25
741,10	10545,25
741,35	10452,25
741,60	10515,25
741,86	10586,25
742,11	10660,25
742,36	10625,25
742,61	10678,25
742,87	10620,25
743,12	10696,25
743,37	10738,25
743,62	10718,25
743,88	10706,25
744,13	10857,25
744,38	10856,25
744,63	10873,25
744,89	10846,25
745,14	10787,25
745,39	10783,25
745,64	10768,25
745,90	10741,25
746,15	10824,25
746,40	10804,25
746,65	10760,25
746,91	10681,25
747,16	10734,25
747,41	10718,25
747,66	10769,25
747,92	10677,25
748,17	10625,25
748,42	10662,25
748,67	10574,25
748,93	10594,25
749,18	10564,25
749,43	10476,25
749,68	10460,25
749,94	10384,25
750,19	10475,25
750,44	10562,25
750,69	10497,25
750,95	10444,25
751,20	10417,25
751,45	10398,25
751,70	10462,25
751,96	10356,25
752,21	10457,25
752,46	10480,25
752,71	10328,25
752,96	10220,25
753,22	10330,25
753,47	10308,25
753,72	10175,25
753,97	10185,25
754,23	10265,25
754,48	10197,25
754,73	10086,25
754,98	10033,25
755,24	10174,25
755,49	10005,25
755,74	10003,25
755,99	9872,25
756,24	9900,25
756,50	9665,25
756,75	9381,25
757,00	8832,25
757,25	8122,25
757,50	6947,25
757,76	5769,25
758,01	4508,25
758,26	3465,25
758,51	2712,25
758,77	2161,25
759,02	2139,25
759,27	2452,25
759,52	2942,25
759,77	3402,25
760,03	3852,25
760,28	4070,25
760,53	4172,25
760,78	4034,25
761,03	3744,25
761,29	3668,25
761,54	3580,25
761,79	3626,25
762,04	3806,25
762,29	3993,25
762,55	4419,25
762,80	4626,25
763,05	4891,25
763,30	5388,25
763,55	5705,25
763,81	6030,25
764,06	6282,25
764,31	6660,25
764,56	6925,25
764,81	7198,25
765,07	7463,25
765,32	7876,25
765,57	8118,25
765,82	8198,25
766,07	8419,25
766,32	8637,25
766,58	8745,25
766,83	8864,25
767,08	8820,25
767,33	8886,25
767,58	8952,25
767,84	9114,25
768,09	9112,25
768,34	9152,25
768,59	9207,25
768,84	9213,25
769,09	9121,25
769,35	9154,25
769,60	9229,25
769,85	9168,25
770,10	9123,25
770,35	9164,25
770,60	9252,25
770,86	9208,25
771,11	9185,25
771,36	9159,25
771,61	9143,25
771,86	9119,25
772,11	9165,25
772,37	9116,25
772,62	9128,25
772,87	8968,25
773,12	8927,25
773,37	9053,25
773,62	9060,25
773,88	9074,25
774,13	8989,25
774,38	9107,25
774,63	9040,25
774,88	8978,25
775,13	8967,25
775,38	8882,25
775,64	8843,25
775,89	8881,25
776,14	8866,25
776,39	8852,25
776,64	8840,25
776,89	8760,25
777,15	8741,25
777,40	8790,25
777,65	8690,25
777,90	8707,25
778,15	8572,25
778,40	8668,25
778,65	8711,25
778,91	8609,25
779,16	8573,25
779,41	8818,25
779,66	8608,25
779,91	8520,25
780,16	8651,25
780,41	8591,25
780,66	8658,25
780,92	8528,25
781,17	8452,25
781,42	8360,25
781,67	8368,25
781,92	8263,25
782,17	8304,25
782,42	8249,25
782,68	8222,25
782,93	8235,25
783,18	8192,25
783,43	8154,25
783,68	8080,25
783,93	8014,25
784,18	7866,25
784,43	7841,25
784,69	7768,25
784,94	7604,25
785,19	7495,25
785,44	7502,25
785,69	7436,25
785,94	7387,25
786,19	7266,25
786,44	7396,25
786,69	7195,25
786,95	6996,25
787,20	6931,25
787,45	6990,25
787,70	6778,25
787,95	6822,25
788,20	6739,25
788,45	6749,25
788,70	6820,25
788,95	6758,25
789,21	6842,25
789,46	6820,25
789,71	6781,25
789,96	6701,25
790,21	6684,25
790,46	6767,25
790,71	6630,25
790,96	6707,25
791,21	6702,25
791,46	6899,25
791,72	6948,25
791,97	7013,25
792,22	6955,25
792,47	7016,25
792,72	6921,25
792,97	6904,25
793,22	6841,25
793,47	6717,25
793,72	6469,25
793,97	6368,25
794,22	6128,25
794,47	6173,25
794,73	6172,25
794,98	6179,25
795,23	6214,25
795,48	6334,25
795,73	6387,25
795,98	6430,25
796,23	6426,25
796,48	6383,25
796,73	6493,25
796,98	6315,25
797,23	6312,25
797,48	6328,25
797,74	6159,25
797,99	6004,25
798,24	6052,25
798,49	6045,25
798,74	5960,25
798,99	5944,25
799,24	5853,25
799,49	5891,25
799,74	5895,25
799,99	5852,25
800,24	5800,25
800,49	5817,25
800,74	5713,25
800,99	5708,25
801,24	5718,25
801,50	5740,25
801,75	5749,25
802,00	5705,25
802,25	5678,25
802,50	5777,25
802,75	5857,25
803,00	5807,25
803,25	5865,25
803,50	6018,25
803,75	6055,25
804,00	6049,25
804,25	6003,25
804,50	6056,25
804,75	6033,25
805,00	5940,25
805,25	5929,25
805,50	5956,25
805,75	5888,25
806,00	5799,25
806,26	5717,25
806,51	5692,25
806,76	5646,25
807,01	5594,25
807,26	5520,25
807,51	5347,25
807,76	5328,25
808,01	5182,25
808,26	5102,25
808,51	5240,25
808,76	5077,25
809,01	4982,25
809,26	4896,25
809,51	4895,25
809,76	4827,25
810,01	4714,25
810,26	4572,25
810,51	4543,25
810,76	4435,25
811,01	4149,25
811,26	3993,25
811,51	3888,25
811,76	3764,25
812,01	3656,25
812,26	3491,25
812,51	3409,25
812,76	3288,25
813,01	3185,25
813,26	3173,25
813,51	3129,25
813,76	3128,25
814,01	2859,25
814,26	2811,25
814,51	2818,25
814,76	2896,25
815,02	2901,25
815,27	2933,25
815,52	2864,25
815,77	2941,25
816,02	2849,25
816,27	2864,25
816,52	2981,25
816,77	3050,25
817,02	3039,25
817,27	3117,25
817,52	3085,25
817,77	3066,25
818,02	3210,25
818,27	3449,25
818,52	3737,25
818,77	3917,25
819,02	3898,25
819,27	3932,25
819,52	3906,25
819,77	3815,25
820,02	3568,25
820,27	3386,25
820,52	3040,25
820,77	2700,25
821,02	2385,25
821,27	2413,25
821,52	2550,25
821,77	2783,25
822,02	2925,25
822,26	3158,25
822,51	3424,25
822,76	3666,25
823,01	3823,25
823,26	3799,25
823,51	3697,25
823,76	3709,25
824,01	3644,25
824,26	3669,25
824,51	3742,25
824,76	3811,25
825,01	3690,25
825,26	3435,25
825,51	3341,25
825,76	3317,25
826,01	3109,25
826,26	3175,25
826,51	3167,25
826,76	3125,25
827,01	3106,25
827,26	3158,25
827,51	3296,25
827,76	3312,25
828,01	3288,25
828,26	3307,25
828,51	3389,25
828,76	3379,25
829,01	3348,25
829,26	3264,25
829,51	3414,25
829,76	3382,25
830,01	3288,25
830,26	3315,25
830,51	3385,25
830,76	3442,25
831,00	3274,25
831,25	3238,25
831,50	3308,25
831,75	3303,25
832,00	3325,25
832,25	3522,25
832,50	3666,25
832,75	3688,25
833,00	3741,25
833,25	3614,25
833,50	3690,25
833,75	3699,25
834,00	3681,25
834,25	3697,25
834,50	3743,25
834,75	3753,25
835,00	3717,25
835,25	3706,25
835,50	3785,25
835,74	3749,25
835,99	3759,25
836,24	3805,25
836,49	3785,25
836,74	3832,25
836,99	3798,25
837,24	3932,25
837,49	3897,25
837,74	3902,25
837,99	3955,25
838,24	3990,25
838,49	3920,25
838,74	3926,25
838,99	3904,25
839,24	3953,25
839,48	3959,25
839,73	3942,25
839,98	3947,25
840,23	3981,25
840,48	4079,25
840,73	4057,25
840,98	3959,25
841,23	3972,25
841,48	3933,25
841,73	3901,25
841,98	3760,25
842,23	3840,25
842,48	3904,25
842,72	3884,25
842,97	3914,25
843,22	4030,25
843,47	4041,25
843,72	4028,25
843,97	3976,25
844,22	3948,25
844,47	4032,25
844,72	3996,25
844,97	3912,25
845,22	3906,25
845,46	3952,25
845,71	3946,25
845,96	3857,25
846,21	3875,25
846,46	3899,25
846,71	3909,25
846,96	3843,25
847,21	3825,25
847,46	3684,25
847,71	3676,25
847,95	3482,25
848,20	3528,25
848,45	3580,25
848,70	3572,25
848,95	3568,25
849,20	3617,25
849,45	3581,25
849,70	3597,25
849,95	3589,25
850,19	3589,25
850,44	3626,25
850,69	3757,25
850,94	3597,25
851,19	3565,25
851,44	3579,25
851,69	3452,25
851,94	3190,25
852,19	3123,25
852,43	3096,25
852,68	3078,25
852,93	3125,25
853,18	3272,25
853,43	3376,25
853,68	3448,25
853,93	3454,25
854,18	3486,25
854,42	3587,25
854,67	3654,25
854,92	3637,25
855,17	3565,25
855,42	3517,25
855,67	3570,25
855,92	3521,25
856,16	3566,25
856,41	3516,25
856,66	3540,25
856,91	3481,25
857,16	3481,25
857,41	3476,25
857,66	3470,25
857,91	3467,25
858,15	3422,25
858,40	3466,25
858,65	3497,25
858,90	3430,25
859,15	3382,25
859,40	3439,25
859,65	3446,25
859,89	3427,25
860,14	3400,25
860,39	3457,25
860,64	3454,25
860,89	3426,25
861,14	3379,25
861,38	3356,25
861,63	3387,25
861,88	3354,25
862,13	3360,25
862,38	3394,25
862,63	3358,25
862,88	3389,25
863,12	3260,25
863,37	3297,25
863,62	3189,25
863,87	3079,25
864,12	2891,25
864,37	2899,25
864,61	2932,25
864,86	2900,25
865,11	2972,25
865,36	3062,25
865,61	3131,25
865,86	3081,25
866,10	3168,25
866,35	3157,25
866,60	3064,25
866,85	3122,25
867,10	3079,25
867,35	3138,25
867,59	3146,25
867,84	3103,25
868,09	3104,25
868,34	3146,25
868,59	3146,25
868,83	3193,25
869,08	3110,25
869,33	3188,25
869,58	3143,25
869,83	3075,25
870,08	3059,25
870,32	3200,25
870,57	3149,25
870,82	3050,25
871,07	3012,25
871,32	3021,25
871,56	3042,25
871,81	3091,25
872,06	3014,25
872,31	3012,25
872,56	3035,25
872,81	2930,25
873,05	2919,25
873,30	3002,25
873,55	2992,25
873,80	2897,25
874,05	2850,25
874,29	2965,25
874,54	2944,25
874,79	3005,25
875,04	2856,25
875,29	2927,25
875,53	2943,25
875,78	2859,25
876,03	2851,25
876,28	2926,25
876,52	2881,25
876,77	2816,25
877,02	2709,25
877,27	2843,25
877,52	2840,25
877,76	2866,25
878,01	2746,25
878,26	2873,25
878,51	2736,25
878,76	2741,25
879,00	2679,25
879,25	2780,25
879,50	2787,25
879,75	2684,25
880,00	2670,25
880,24	2781,25
880,49	2781,25
880,74	2714,25
880,99	2652,25
881,23	2644,25
881,48	2631,25
881,73	2648,25
881,98	2691,25
882,22	2690,25
882,47	2693,25
882,72	2669,25
882,97	2621,25
883,22	2658,25
883,46	2669,25
883,71	2505,25
883,96	2536,25
884,21	2478,25
884,45	2490,25
884,70	2485,25
884,95	2530,25
885,20	2526,25
885,44	2514,25
885,69	2445,25
885,94	2500,25
886,19	2540,25
886,43	2535,25
886,68	2521,25
886,93	2460,25
887,18	2483,25
887,42	2458,25
887,67	2425,25
887,92	2475,25
888,17	2402,25
888,42	2464,25
888,66	2479,25
888,91	2477,25
889,16	2462,25
889,40	2374,25
889,65	2307,25
889,90	2225,25
890,15	2318,25
890,39	2215,25
890,64	2171,25
890,89	2048,25
891,14	1974,25
891,38	2011,25
891,63	1957,25
891,88	1953,25
892,13	2050,25
892,37	1893,25
892,62	1752,25
892,87	1579,25
893,12	1640,25
893,36	1557,25
893,61	1521,25
893,86	1463,25
894,11	1489,25
894,35	1374,25
894,60	1300,25
894,85	1263,25
895,09	1270,25
895,34	1277,25
895,59	1201,25
895,84	1232,25
896,08	1285,25
896,33	1260,25
896,58	1128,25
896,82	1040,25
897,07	1061,25
897,32	1057,25
897,57	1074,25
897,81	1093,25
898,06	1208,25
898,31	1130,25
898,55	1013,25
898,80	1002,25
899,05	1176,25
899,30	1080,25
899,54	1023,25
899,79	1005,25
900,04	992,25
900,28	1064,25
900,53	997,25
900,78	1082,25
901,03	1223,25
901,27	1281,25
901,52	1327,25
901,77	1364,25
902,01	1448,25
902,26	1455,25
902,51	1411,25
902,75	1509,25
903,00	1468,25
903,25	1482,25
903,50	1496,25
903,74	1422,25
903,99	1376,25
904,24	1259,25
904,48	1185,25
904,73	1228,25
904,98	1178,25
905,22	1049,25
905,47	893,25
905,72	933,25
905,96	999,25
906,21	1049,25
906,46	936,25
906,70	899,25
906,95	965,25
907,20	941,25
907,45	907,25
907,69	830,25
907,94	931,25
908,19	948,25
908,43	870,25
908,68	1010,25
908,93	927,25
909,17	961,25
909,42	1025,25
909,67	948,25
909,91	1003,25
910,16	1097,25
910,41	932,25
910,65	1014,25
910,90	947,25
911,15	913,25
911,39	791,25
911,64	696,25
911,89	848,25
912,13	856,25
912,38	857,25
912,63	812,25
912,87	828,25
913,12	826,25
913,37	702,25
913,61	711,25
913,86	791,25
914,11	818,25
914,35	804,25
914,60	840,25
914,85	805,25
915,09	780,25
915,34	725,25
915,58	734,25
915,83	710,25
916,08	717,25
916,32	797,25
916,57	844,25
916,82	905,25
917,06	909,25
917,31	945,25
917,56	953,25
917,80	1071,25
918,05	1129,25
918,30	1110,25
918,54	1043,25
918,79	1119,25
919,04	1069,25
919,28	980,25
919,53	1006,25
919,77	1056,25
920,02	1003,25
920,27	1009,25
920,51	996,25
920,76	1052,25
921,01	1057,25
921,25	941,25
921,50	977,25
921,74	931,25
921,99	833,25
922,24	854,25
922,48	800,25
922,73	836,25
922,98	900,25
923,22	844,25
923,47	834,25
923,71	873,25
923,96	955,25
924,21	826,25
924,45	869,25
924,70	911,25
924,95	860,25
925,19	774,25
925,44	784,25
925,68	744,25
925,93	656,25
926,18	604,25
926,42	574,25
926,67	596,25
926,91	627,25
927,16	541,25
927,41	469,25
927,65	441,25
927,90	477,25
928,14	463,25
928,39	452,25
928,64	428,25
928,88	409,25
929,13	427,25
929,37	314,25
929,62	366,25
929,87	351,25
930,11	336,25
930,36	256,25
930,60	285,25
930,85	284,25
931,10	288,25
931,34	255,25
931,59	325,25
931,83	225,25
932,08	191,25
932,33	200,25
932,57	269,25
932,82	278,25
933,06	259,25
933,31	260,25
933,56	272,25
933,80	302,25
934,05	224,25
934,29	223,25
934,54	342,25
934,78	345,25
935,03	263,25
935,28	221,25
935,52	232,25
935,77	209,25
936,01	255,25
936,26	274,25
936,51	318,25
936,75	336,25
937,00	343,25
937,24	357,25
937,49	390,25
937,73	376,25
937,98	357,25
938,22	345,25
938,47	353,25
938,72	254,25
938,96	300,25
939,21	277,25
939,45	343,25
939,70	282,25
939,94	335,25
940,19	341,25
940,44	277,25
940,68	294,25
940,93	305,25
941,17	299,25
941,42	342,25
941,66	354,25
941,91	330,25
942,15	268,25
942,40	339,25
942,65	258,25
942,89	273,25
943,14	312,25
943,38	348,25
943,63	278,25
943,87	267,25
944,12	231,25
944,36	259,25
944,61	266,25
944,85	261,25
945,10	236,25
945,35	331,25
945,59	365,25
945,84	286,25
946,08	293,25
946,33	265,25
946,57	301,25
946,82	322,25
947,06	254,25
947,31	306,25
947,55	316,25
947,80	300,25
948,04	277,25
948,29	242,25
948,54	304,25
948,78	226,25
949,03	337,25
949,27	305,25
949,52	399,25
949,76	287,25
950,01	260,25
950,25	261,25
950,50	272,25
950,74	290,25
950,99	239,25
951,23	294,25
951,48	328,25
951,72	244,25
951,97	279,25
952,21	289,25
952,46	255,25
952,70	229,25
952,95	236,25
953,19	320,25
953,44	276,25
953,68	238,25
953,93	279,25
954,17	352,25
954,42	291,25
954,66	257,25
954,91	279,25
955,15	385,25
955,40	306,25
955,64	318,25
955,89	345,25
956,13	368,25
956,38	367,25
956,62	315,25
956,87	344,25
957,11	323,25
957,36	283,25
957,60	264,25
957,85	283,25
958,09	244,25
958,34	252,25
958,58	333,25
958,83	339,25
959,07	310,25
959,32	326,25
959,56	321,25
959,81	352,25
960,05	352,25
960,30	294,25
960,54	326,25
960,79	261,25
961,03	331,25
961,28	327,25
961,52	349,25
961,77	297,25
962,01	375,25
962,26	383,25
962,50	368,25
962,75	312,25
962,99	364,25
963,24	340,25
963,48	348,25
963,73	299,25
963,97	301,25
964,21	359,25
964,46	364,25
964,70	348,25
964,95	384,25
965,19	391,25
965,44	404,25
965,68	504,25
965,93	469,25
966,17	473,25
966,42	545,25
966,66	504,25
966,91	484,25
967,15	464,25
967,40	484,25
967,64	480,25
967,88	530,25
968,13	429,25
968,37	473,25
968,62	564,25
968,86	521,25
969,11	408,25
969,35	553,25
969,60	558,25
969,84	446,25
970,09	456,25
970,33	465,25
970,57	441,25
970,82	398,25
971,06	491,25
971,31	455,25
971,55	410,25
971,80	485,25
972,04	426,25
972,29	433,25
972,53	365,25
972,77	396,25
973,02	408,25
973,26	315,25
973,51	418,25
973,75	378,25
974,00	390,25
974,24	411,25
974,48	370,25
974,73	496,25
974,97	409,25
975,22	387,25
975,46	386,25
975,71	415,25
975,95	491,25
976,19	388,25
976,44	462,25
976,68	444,25
976,93	442,25
977,17	452,25
977,42	413,25
977,66	398,25
977,90	365,25
978,15	395,25
978,39	440,25
978,64	477,25
978,88	460,25
979,12	449,25
979,37	397,25
979,61	392,25
979,86	429,25
980,10	461,25
980,35	471,25
980,59	435,25
980,83	466,25
981,08	430,25
981,32	446,25
981,57	451,25
981,81	463,25
982,05	446,25
982,30	524,25
982,54	475,25
982,79	539,25
983,03	431,25
983,27	425,25
983,52	445,25
983,76	455,25
984,01	456,25
984,25	456,25
984,49	503,25
984,74	470,25
984,98	475,25
985,23	446,25
985,47	513,25
985,71	541,25
985,96	468,25
986,20	518,25
986,45	472,25
986,69	525,25
986,93	540,25
987,18	499,25
987,42	524,25
987,66	519,25
987,91	518,25
988,15	494,25
988,40	451,25
988,64	504,25
988,88	485,25
989,13	519,25
989,37	516,25
989,61	530,25
989,86	467,25
990,10	490,25
990,35	595,25
990,59	500,25
990,83	465,25
991,08	480,25
991,32	509,25
991,56	507,25
991,81	474,25
992,05	522,25
992,30	501,25
992,54	504,25
992,78	514,25
993,03	491,25
993,27	496,25
993,51	537,25
993,76	474,25
994,00	449,25
994,24	495,25
994,49	496,25
994,73	495,25
994,98	474,25
995,22	429,25
995,46	514,25
995,71	486,25
995,95	445,25
996,19	464,25
996,44	440,25
996,68	454,25
996,92	514,25
997,17	490,25
997,41	474,25
997,65	449,25
997,90	466,25
998,14	431,25
998,38	428,25
998,63	401,25
998,87	384,25
999,11	383,25
999,36	416,25
999,60	421,25
999,84	383,25
1000,09	497,25
1000,33	452,25
1000,57	396,25
1000,82	419,25
1001,06	371,25
1001,30	415,25
1001,55	414,25
1001,79	418,25
1002,03	421,25
1002,28	404,25
1002,52	367,25
1002,76	435,25
1003,01	420,25
1003,25	403,25
1003,49	437,25
1003,74	410,25
1003,98	442,25
1004,22	423,25
1004,47	388,25
1004,71	376,25
1004,95	372,25
1005,20	375,25
1005,44	366,25
1005,68	491,25
1005,93	396,25
1006,17	403,25
1006,41	394,25
1006,66	413,25
1006,90	383,25
1007,14	369,25
1007,38	386,25
1007,63	355,25
1007,87	372,25
1008,11	378,25
1008,36	406,25
1008,60	395,25
1008,84	400,25
1009,09	481,25
1009,33	362,25
1009,57	444,25
1009,81	389,25
1010,06	369,25
1010,30	420,25
1010,54	426,25
1010,79	388,25
1011,03	352,25
1011,27	388,25
1011,52	414,25
1011,76	369,25
1012,00	427,25
1012,24	396,25
1012,49	387,25
1012,73	457,25
1012,97	364,25
1013,22	487,25
1013,46	410,25
1013,70	394,25
1013,94	326,25
1014,19	342,25
1014,43	420,25
1014,67	365,25
1014,92	390,25
1015,16	348,25
1015,40	364,25
1015,64	444,25
1015,89	373,25
1016,13	364,25
1016,37	345,25
1016,62	309,25
1016,86	307,25
1017,10	338,25
1017,34	381,25
1017,59	410,25
1017,83	436,25
1018,07	326,25
1018,31	354,25
1018,56	310,25
1018,80	333,25
1019,04	342,25
1019,28	382,25
1019,53	339,25
1019,77	420,25
1020,01	333,25
1020,26	294,25
1020,50	262,25
1020,74	362,25
1020,98	373,25
1021,23	344,25
1021,47	336,25
1021,71	353,25
1021,95	326,25
1022,20	324,25
1022,44	340,25
1022,68	407,25
1022,92	344,25
1023,17	384,25
1023,41	395,25
1023,65	321,25
1023,89	295,25
1024,14	324,25
1024,38	412,25
1024,62	340,25
1024,86	340,25
1025,11	315,25
1025,35	362,25
1025,59	403,25
1025,83	355,25
1026,07	326,25
1026,32	349,25
1026,56	352,25
1026,80	300,25
1027,04	325,25
1027,29	316,25
1027,53	319,25
1027,77	322,25
1028,01	348,25
1028,26	284,25
1028,50	259,25
1028,74	316,25
1028,98	305,25
1029,22	416,25
1029,47	285,25
1029,71	305,25
1029,95	356,25
1030,19	352,25
1030,44	351,25
1030,68	240,25
1030,92	286,25
1031,16	298,25
1031,40	324,25
1031,65	360,25
1031,89	276,25
1032,13	381,25
1032,37	297,25
1032,62	245,25
1032,86	305,25
1033,10	363,25
1033,34	344,25
1033,58	261,25
1033,83	237,25
1034,07	310,25
1034,31	324,25
1034,55	244,25
1034,79	284,25
1035,04	262,25
1035,28	365,25
1035,52	309,25
1035,76	306,25
1036,00	263,25
1036,25	277,25
1036,49	285,25
1036,73	304,25
1036,97	278,25
1037,21	223,25
1037,46	271,25
1037,70	290,25
1037,94	322,25
1038,18	309,25
1038,42	258,25
1038,67	251,25
1038,91	318,25
1039,15	255,25
1039,39	247,25
1039,63	296,25
1039,88	275,25
1040,12	258,25
1040,36	272,25
1040,60	228,25
1040,84	256,25
1041,08	273,25
1041,33	275,25
1041,57	248,25
1041,81	292,25
1042,05	282,25
1042,29	303,25
1042,53	236,25
1042,78	214,25
1043,02	328,25
1043,26	279,25
1043,50	306,25
1043,74	323,25
1043,99	257,25
1044,23	328,25
1044,47	291,25
1044,71	310,25
1044,95	293,25
1045,19	269,25
1045,44	262,25
1045,68	272,25
1045,92	294,25
1046,16	273,25
1046,40	298,25
1046,64	241,25
1046,88	250,25
1047,13	309,25
1047,37	303,25
1047,61	268,25
1047,85	282,25
1048,09	261,25
1048,33	276,25
1048,58	306,25
1048,82	259,25
1049,06	243,25
1049,30	197,25
1049,54	222,25
1049,78	202,25
1050,02	272,25
1050,27	221,25
1050,51	276,25
1050,75	258,25
1050,99	255,25
1051,23	264,25
1051,47	226,25
1051,71	245,25
1051,96	312,25
1052,20	284,25
1052,44	351,25
1052,68	272,25
1052,92	232,25
1053,16	228,25
1053,40	242,25
1053,65	263,25
1053,89	265,25
1054,13	259,25
1054,37	329,25
1054,61	249,25
1054,85	222,25
1055,09	204,25
1055,33	275,25
1055,58	219,25
1055,82	244,25
1056,06	264,25
1056,30	265,25
1056,54	285,25
1056,78	206,25
1057,02	218,25
1057,26	227,25
1057,51	230,25
1057,75	287,25
1057,99	216,25
1058,23	256,25
1058,47	285,25
1058,71	201,25
1058,95	176,25
1059,19	212,25
1059,43	249,25
1059,68	215,25
1059,92	179,25
1060,16	196,25
1060,40	249,25
1060,64	216,25
1060,88	228,25
1061,12	268,25
1061,36	172,25
1061,60	138,25
1061,84	192,25
1062,09	225,25
1062,33	209,25
1062,57	262,25
1062,81	232,25
1063,05	219,25
1063,29	255,25
1063,53	195,25
1063,77	180,25
1064,01	250,25
1064,25	231,25
1064,50	245,25
1064,74	228,25
1064,98	215,25
1065,22	259,25
1065,46	228,25
1065,70	208,25
1065,94	184,25
1066,18	235,25
1066,42	229,25
1066,66	252,25
1066,90	277,25
1067,14	198,25
1067,39	183,25
1067,63	146,25
1067,87	229,25
1068,11	211,25
1068,35	234,25
1068,59	230,25
1068,83	278,25
1069,07	240,25
1069,31	214,25
1069,55	176,25
1069,79	291,25
1070,03	191,25
1070,27	185,25
1070,52	150,25
1070,76	198,25
1071,00	209,25
1071,24	230,25
1071,48	252,25
1071,72	253,25
1071,96	162,25
1072,20	225,25
1072,44	245,25
1072,68	169,25
1072,92	217,25
1073,16	276,25
1073,40	260,25
1073,64	225,25
1073,88	228,25
1074,12	205,25
1074,36	192,25
1074,61	196,25
1074,85	217,25
1075,09	1411,25
1075,33	441,25
1075,57	319,25
1075,81	246,25
1076,05	281,25
1076,29	255,25
1076,53	185,25
1076,77	238,25
1077,01	227,25
1077,25	185,25
1077,49	232,25
1077,73	214,25
1077,97	153,25
1078,21	210,25
1078,45	253,25
1078,69	284,25
1078,93	238,25
1079,17	112,25
1079,41	260,25
1079,65	287,25
1079,89	232,25
1080,13	248,25
1080,37	252,25
1080,61	148,25
1080,86	173,25
1081,10	243,25
1081,34	281,25
1081,58	245,25
1081,82	150,25
1082,06	256,25
1082,30	252,25
1082,54	208,25
1082,78	205,25
1083,02	153,25
1083,26	303,25
1083,50	183,25
1083,74	160,25
1083,98	243,25
1084,22	241,25
1084,46	194,25
1084,70	255,25
1084,94	186,25
1085,18	211,25
1085,42	215,25
1085,66	145,25
1085,90	252,25
1086,14	255,25
1086,38	234,25
1086,62	166,25
1086,86	255,25
1087,10	236,25
1087,34	183,25
1087,58	131,25
1087,82	178,25
1088,06	257,25
1088,30	297,25
1088,54	233,25
1088,78	204,25
1089,02	237,25
1089,26	204,25
1089,50	268,25
1089,74	227,25
1089,98	207,25
1090,22	237,25
1090,46	197,25
1090,70	237,25
1090,94	206,25
1091,18	198,25
1091,42	165,25
1091,66	191,25
1091,90	273,25
1092,14	186,25
1092,38	259,25
1092,62	254,25
1092,86	225,25
1093,10	246,25
1093,34	175,25
1093,58	162,25
1093,82	235,25
1094,06	209,25
1094,30	88,25
1094,54	176,25
1094,78	155,25
1095,01	219,25
1095,25	272,25
1095,49	184,25
1095,73	247,25
1095,97	212,25
1096,21	257,25
1096,45	220,25
1096,69	290,25
1096,93	334,25
1097,17	278,25
1097,41	212,25
1097,65	124,25
1097,89	177,25
1098,13	226,25
1098,37	192,25
1098,61	191,25
1098,85	185,25
1099,09	249,25
1099,33	124,25
1099,57	273,25
1099,81	282,25
1100,05	149,25
1100,29	196,25
1100,53	224,25
1100,77	157,25
1101,00	153,25
1101,24	131,25
1101,48	178,25
1101,72	145,25
1101,96	167,25
1102,20	145,25
1102,44	192,25
1102,68	222,25
1102,92	176,25
1103,16	100,25
1103,40	272,25
1103,64	256,25
1103,88	203,25
1104,12	178,25
1104,36	191,25
1104,60	126,25
1104,84	208,25
1105,07	140,25
1105,31	154,25
1105,55	184,25
1105,79	138,25
1106,03	185,25
1106,27	124,25
1106,51	183,25
1106,75	156,25
1106,99	165,25
1107,23	168,25
1107,47	174,25
1107,71	118,25
1107,95	142,25
1108,18	218,25
1108,42	284,25
1108,66	219,25
1108,90	269,25
1109,14	221,25
1109,38	205,25
1109,62	156,25
1109,86	155,25
1110,10	125,25
1110,34	158,25
1110,58	119,25
1110,82	139,25
1111,05	284,25
1111,29	306,25
1111,53	224,25
1111,77	230,25
1112,01	282,25
1112,25	170,25
1112,49	132,25
1112,73	238,25
1112,97	221,25
1113,21	203,25
1113,45	156,25
1113,68	134,25
1113,92	190,25
1114,16	162,25
1114,40	176,25
1114,64	193,25
1114,88	174,25
1115,12	180,25
1115,36	238,25
1115,60	196,25
1115,83	208,25
1116,07	280,25
1116,31	134,25
1116,55	197,25
1116,79	184,25
1117,03	220,25
1117,27	178,25
1117,51	182,25
1117,75	196,25
1117,98	221,25
1118,22	183,25
1118,46	159,25
1118,70	249,25
1118,94	185,25
1119,18	182,25
1119,42	182,25
1119,66	209,25
1119,89	175,25
1120,13	204,25
1120,37	214,25
1120,61	221,25
1120,85	177,25
1121,09	183,25
1121,33	238,25
1121,57	272,25
1121,80	223,25
1122,04	246,25
1122,28	254,25
1122,52	148,25
1122,76	188,25
1123,00	241,25
1123,24	278,25
1123,47	177,25
1123,71	178,25
